1779075506054 0.780113935470581 0
1779075507117 0.8286760449409485 1
1779075508172 0.8446825742721558 2
1779075509410 0.8490233421325684 3
1779075510922 0.8539066910743713 4
1779075512915 0.8564839959144592 5
1779075514728 0.8579761385917664 6
1779075516014 0.8586543798446655 7
1779075517817 0.8598752021789551 8
1779075519680 0.860689103603363 9
1779075521510 0.8610960245132446 10
1779075523302 0.862452507019043 11
1779075525027 0.8635377287864685 12
1779075526276 0.8631307482719421 13
1779075527397 0.861503005027771 14
1779075528462 0.8644872307777405 15
1779075529784 0.8651654720306396 16
1779075531642 0.8646228909492493 17
1779075533345 0.8647585511207581 18
1779075535090 0.8674715161323547 19
1779075536794 0.8670645952224731 20
1779075538672 0.866386353969574 21
1779075540416 0.8681497573852539 22
1779075541625 0.8662506937980652 23
1779075542961 0.8659793734550476 24
1779075544764 0.8678784370422363 25
1779075546020 0.8686923384666443 26
1779075547310 0.8681497573852539 27
1779075548466 0.8676071763038635 28
1779075549516 0.8680140972137451 29
1779075550594 0.871405303478241 30
1779075551874 0.8707270622253418 31
1779075552979 0.8703201413154602 32
1779075554070 0.8701844811439514 33
1779075555453 0.8692349195480347 34
1779075556822 0.8703201413154602 35
1779075558003 0.8719478845596313 36
1779075558887 0.8709983825683594 37
1779075559942 0.8685566782951355 38
1779075560901 0.8695062398910522 39
1779075561892 0.870455801486969 40
1779075562976 0.8722192049026489 41
1779075564454 0.8697775602340698 42
1779075565774 0.871405303478241 43
1779075566727 0.8711340427398682 44
1779075567554 0.870455801486969 45
1779075568222 0.8708627223968506 46
1779075569057 0.8690993189811707 47
1779075570652 0.8738470077514648 48
1779075572192 0.8741182684898376 49
1779075506054 0.780113935470581 0
