1779075506054 0.4783197343349457 0
1779075507117 0.39893853664398193 1
1779075508172 0.3741951286792755 2
1779075509410 0.362727552652359 3
1779075510922 0.3558266758918762 4
1779075512915 0.35268813371658325 5
1779075514728 0.3486024737358093 6
1779075516014 0.34656479954719543 7
1779075517817 0.3449622690677643 8
1779075519680 0.34246695041656494 9
1779075521510 0.3415223956108093 10
1779075523302 0.33893048763275146 11
1779075525027 0.337749183177948 12
1779075526276 0.3362000584602356 13
1779075527397 0.33579447865486145 14
1779075528462 0.3339262902736664 15
1779075529784 0.3324284553527832 16
1779075531642 0.33173200488090515 17
1779075533345 0.32969674468040466 18
1779075535090 0.3297062814235687 19
1779075536794 0.3289273977279663 20
1779075538672 0.3276057541370392 21
1779075540416 0.32707589864730835 22
1779075541625 0.3259311020374298 23
1779075542961 0.3256063759326935 24
1779075544764 0.3247494101524353 25
1779075546020 0.3235596716403961 26
1779075547310 0.3225603401660919 27
1779075548466 0.3231126666069031 28
1779075549516 0.32181116938591003 29
1779075550594 0.32223352789878845 30
1779075551874 0.32136204838752747 31
1779075552979 0.3201468586921692 32
1779075554070 0.31952229142189026 33
1779075555453 0.3187977373600006 34
1779075556822 0.3185443580150604 35
1779075558003 0.3183489739894867 36
1779075558887 0.31744903326034546 37
1779075559942 0.317198246717453 38
1779075560901 0.3162963092327118 39
1779075561892 0.31615298986434937 40
1779075562976 0.31548070907592773 41
1779075564454 0.3153613209724426 42
1779075565774 0.31508055329322815 43
1779075566727 0.3142264187335968 44
1779075567554 0.3129335939884186 45
1779075568222 0.31380555033683777 46
1779075569057 0.31314343214035034 47
1779075570652 0.3117579221725464 48
1779075572192 0.3118746876716614 49
1779075506054 0.4783197343349457 0
