1779085736928 0.7778079509735107 0
1779085737787 0.7972056269645691 1
1779085738552 0.8019533157348633 2
1779085739330 0.8083288073539734 3
1779085740084 0.807786226272583 4
1779085740862 0.812669575214386 5
1779085741627 0.8157894611358643 6
1779085742377 0.8183667659759521 7
1779085743129 0.8202658891677856 8
1779085744085 0.8228431940078735 9
1779085744916 0.824877917766571 10
1779085745814 0.8255561590194702 11
1779085746736 0.824877917766571 12
1779085747531 0.8293542861938477 13
1779085748235 0.8274552226066589 14
1779085749066 0.8336950540542603 15
1779085749871 0.8335593938827515 16
1779085750738 0.8360010981559753 17
1779085751588 0.8389853239059448 18
1779085752437 0.8381714820861816 19
1779085753303 0.8422409296035767 20
1779085754401 0.8388497233390808 21
1779085755162 0.8407487869262695 22
1779085755944 0.8429191708564758 23
1779085756728 0.8446825742721558 24
1779085757441 0.8434617519378662 25
1779085758186 0.8440043330192566 26
1779085758910 0.8491590023040771 27
1779085759617 0.8498372435569763 28
1779085760364 0.8488876819610596 29
1779085761144 0.8452251553535461 30
1779085761828 0.8514649868011475 31
1779085762538 0.848480761051178 32
1779085763409 0.8506510853767395 33
1779085764256 0.8471242785453796 34
1779085765123 0.8450895547866821 35
1779085765922 0.8479381203651428 36
1779085766697 0.84766685962677 37
1779085767552 0.8532284498214722 38
1779085768362 0.8503798246383667 39
1779085769725 0.8507867455482483 40
1779085770502 0.8487520217895508 41
1779085771204 0.8478025197982788 42
1779085771895 0.8532284498214722 43
1779085772726 0.853364109992981 44
1779085773486 0.852685809135437 45
1779085774300 0.8551275134086609 46
1779085775205 0.8524145483970642 47
1779085775911 0.8491590023040771 48
1779085776657 0.8522788882255554 49
1779085736928 0.7778079509735107 0
