1779085736928 0.5451766848564148 0
1779085737787 0.4875805675983429 1
1779085738552 0.46559593081474304 2
1779085739330 0.4512377083301544 3
1779085740084 0.4424687922000885 4
1779085740862 0.4355757534503937 5
1779085741627 0.4292079210281372 6
1779085742377 0.42255473136901855 7
1779085743129 0.42369920015335083 8
1779085744085 0.41808468103408813 9
1779085744916 0.4142570495605469 10
1779085745814 0.4083503782749176 11
1779085746736 0.4081350266933441 12
1779085747531 0.40315085649490356 13
1779085748235 0.4022345244884491 14
1779085749066 0.39700961112976074 15
1779085749871 0.39598992466926575 16
1779085750738 0.39182546734809875 17
1779085751588 0.3915978968143463 18
1779085752437 0.38878387212753296 19
1779085753303 0.3855837285518646 20
1779085754401 0.3867695927619934 21
1779085755162 0.3839299976825714 22
1779085755944 0.37729552388191223 23
1779085756728 0.3767852485179901 24
1779085757441 0.3754946291446686 25
1779085758186 0.3770832121372223 26
1779085758910 0.3753868639469147 27
1779085759617 0.3717922568321228 28
1779085760364 0.37079697847366333 29
1779085761144 0.3726300299167633 30
1779085761828 0.3674849271774292 31
1779085762538 0.3657400906085968 32
1779085763409 0.36714959144592285 33
1779085764256 0.36646905541419983 34
1779085765123 0.36708953976631165 35
1779085765922 0.3669542968273163 36
1779085766697 0.36732760071754456 37
1779085767552 0.3615071773529053 38
1779085768362 0.36350756883621216 39
1779085769725 0.36791330575942993 40
1779085770502 0.3622627258300781 41
1779085771204 0.36420708894729614 42
1779085771895 0.36123126745224 43
1779085772726 0.36476781964302063 44
1779085773486 0.3601842224597931 45
1779085774300 0.357351690530777 46
1779085775205 0.35950174927711487 47
1779085775911 0.35985344648361206 48
1779085776657 0.3538564145565033 49
1779085736928 0.5451766848564148 0
