1779085609759 0.8114487528800964 0
1779085610471 0.8397992253303528 1
1779085611226 0.8510580658912659 2
1779085612097 0.8507867455482483 3
1779085612881 0.8572978973388672 4
1779085613567 0.85756915807724 5
1779085614282 0.8586543798446655 6
1779085615082 0.8570265769958496 7
1779085615856 0.8587900400161743 8
1779085616706 0.8590613007545471 9
1779085617407 0.8586543798446655 10
1779085618082 0.861503005027771 11
1779085618818 0.8657081127166748 12
1779085619673 0.861638605594635 13
1779085620401 0.8639446496963501 14
1779085621120 0.862452507019043 15
1779085621988 0.8619099259376526 16
1779085622881 0.8640803098678589 17
1779085623820 0.8621812462806702 18
1779085624714 0.8644872307777405 19
1779085625548 0.8659793734550476 20
1779085626263 0.8678784370422363 21
1779085627047 0.8667932748794556 22
1779085627755 0.8643516302108765 23
1779085628489 0.8647585511207581 24
1779085629254 0.8684210777282715 25
1779085629969 0.8693705797195435 26
1779085630674 0.869641900062561 27
1779085631391 0.8688279986381531 28
1779085632129 0.8678784370422363 29
1779085632846 0.8707270622253418 30
1779085633898 0.8700488209724426 31
1779085634605 0.8708627223968506 32
1779085635323 0.8707270622253418 33
1779085636025 0.8688279986381531 34
1779085636713 0.8699131608009338 35
1779085637429 0.8707270622253418 36
1779085638243 0.8711340427398682 37
1779085639004 0.8709983825683594 38
1779085639823 0.8716766238212585 39
1779085640643 0.8723548650741577 40
1779085641488 0.8688279986381531 41
1779085609759 0.8114487528800964 0
1779085652758 0.8700488209724426 42
