1779085609759 0.4348236620426178 0
1779085610471 0.3865109086036682 1
1779085611226 0.3689418137073517 2
1779085612097 0.3586430847644806 3
1779085612881 0.3545994162559509 4
1779085613567 0.3513243794441223 5
1779085614282 0.3480258584022522 6
1779085615082 0.347351998090744 7
1779085615856 0.3454578220844269 8
1779085616706 0.34455159306526184 9
1779085617407 0.34266453981399536 10
1779085618082 0.3418695032596588 11
1779085618818 0.3358953893184662 12
1779085619673 0.33830326795578003 13
1779085620401 0.33777400851249695 14
1779085621120 0.3373541235923767 15
1779085621988 0.33519014716148376 16
1779085622881 0.3293144702911377 17
1779085623820 0.33423686027526855 18
1779085624714 0.33398139476776123 19
1779085625548 0.32849645614624023 20
1779085626263 0.328792929649353 21
1779085627047 0.3294648826122284 22
1779085627755 0.32879069447517395 23
1779085628489 0.32663968205451965 24
1779085629254 0.32697954773902893 25
1779085629969 0.3250495493412018 26
1779085630674 0.3259742259979248 27
1779085631391 0.32337772846221924 28
1779085632129 0.32532423734664917 29
1779085632846 0.3229580819606781 30
1779085633898 0.3198547661304474 31
1779085634605 0.3207697868347168 32
1779085635323 0.3205506205558777 33
1779085636025 0.31840652227401733 34
1779085636713 0.3217073082923889 35
1779085637429 0.3169521689414978 36
1779085638243 0.315269410610199 37
1779085639004 0.3158986270427704 38
1779085639823 0.3166693150997162 39
1779085640643 0.3172275125980377 40
1779085641488 0.3178178668022156 41
1779085609759 0.4348236620426178 0
1779085652758 0.3198547661304474 42
