1779085488331 0.7927292585372925 0
1779085489105 0.79476398229599 1
1779085489997 0.7984264492988586 2
1779085490902 0.8109061121940613 3
1779085491715 0.8251492381095886 4
1779085492506 0.8332881331443787 5
1779085493372 0.840477466583252 6
1779085494217 0.8437330722808838 7
1779085495036 0.8437330722808838 8
1779085495886 0.8479381203651428 9
1779085496787 0.8514649868011475 10
1779085497530 0.8516006469726562 11
1779085498411 0.8547205924987793 12
1779085499186 0.8510580658912659 13
1779085500008 0.8537710309028625 14
1779085500839 0.853364109992981 15
1779085501674 0.853364109992981 16
1779085502627 0.8598752021789551 17
1779085503438 0.8563483357429504 18
1779085504253 0.8578404784202576 19
1779085504996 0.858383059501648 20
1779085505747 0.8559414148330688 21
1779085506491 0.8596038818359375 22
1779085507237 0.8597395420074463 23
1779085508017 0.8617742657661438 24
1779085508791 0.8609603643417358 25
1779085509620 0.8593326210975647 26
1779085510518 0.8629950881004333 27
1779085511357 0.8593326210975647 28
1779085512357 0.8604177832603455 29
1779085513111 0.8621812462806702 30
1779085513973 0.8596038818359375 31
1779085514697 0.8600108623504639 32
1779085515462 0.8629950881004333 33
1779085516218 0.861638605594635 34
1779085516968 0.8619099259376526 35
1779085517723 0.8577048182487488 36
1779085488331 0.7927292585372925 0
1779085529064 0.8593326210975647 37
