1779085488331 0.4885089695453644 0
1779085489105 0.4485780894756317 1
1779085489997 0.43401023745536804 2
1779085490902 0.41823965311050415 3
1779085491715 0.4043008089065552 4
1779085492506 0.387390673160553 5
1779085493372 0.38406237959861755 6
1779085494217 0.38185983896255493 7
1779085495036 0.3761482834815979 8
1779085495886 0.3727017641067505 9
1779085496787 0.3710930347442627 10
1779085497530 0.36433345079421997 11
1779085498411 0.36324501037597656 12
1779085499186 0.3609313666820526 13
1779085500008 0.35589125752449036 14
1779085500839 0.36000677943229675 15
1779085501674 0.3577280342578888 16
1779085502627 0.3523637354373932 17
1779085503438 0.3547622859477997 18
1779085504253 0.3559579849243164 19
1779085504996 0.3486134707927704 20
1779085505747 0.35155224800109863 21
1779085506491 0.3488183915615082 22
1779085507237 0.34481820464134216 23
1779085508017 0.3437902629375458 24
1779085508791 0.34587010741233826 25
1779085509620 0.34691840410232544 26
1779085510518 0.3460163176059723 27
1779085511357 0.3469795286655426 28
1779085512357 0.3439418077468872 29
1779085513111 0.34479060769081116 30
1779085513973 0.34638524055480957 31
1779085514697 0.3463115692138672 32
1779085515462 0.34146830439567566 33
1779085516218 0.34526196122169495 34
1779085516968 0.3395668566226959 35
1779085517723 0.3439536988735199 36
1779085488331 0.4885089695453644 0
1779085529064 0.34691840410232544 37
