1778913007934 0.7787574529647827 0
1778913009058 0.8067010045051575 1
1778913010981 0.8174172639846802 2
1778913013370 0.822571873664856 3
1778913014288 0.8316603302955627 4
1778913015136 0.8335593938827515 5
1778913016043 0.8397992253303528 6
1778913016800 0.8438686728477478 7
1778913017555 0.8487520217895508 8
1778913018303 0.8502441644668579 9
1778913019154 0.8505154848098755 10
1778913020184 0.84943026304245 11
1778913021050 0.8510580658912659 12
1778913021877 0.853499710559845 13
1778913022827 0.8528214693069458 14
1778913024111 0.8541779518127441 15
1778913025051 0.8567553162574768 16
1778913025855 0.8597395420074463 17
1778913026700 0.8571622371673584 18
1778913027588 0.8516006469726562 19
1778913028421 0.8559414148330688 20
1778913029353 0.857433557510376 21
1778913030125 0.8559414148330688 22
1778913030884 0.8564839959144592 23
1778913031699 0.8609603643417358 24
1778913032705 0.8577048182487488 25
1778913033428 0.8553988337516785 26
1778913034208 0.8591969609260559 27
1778913034926 0.8590613007545471 28
1778913035833 0.8589256405830383 29
1778913036633 0.8610960245132446 30
1778913037358 0.8620455861091614 31
1778913038005 0.8594682812690735 32
1778913038740 0.8617742657661438 33
1778913039411 0.8632664084434509 34
1778913007934 0.7787574529647827 0
1778913055171 0.8516006469726562 35
