1778913007934 0.4948667287826538 0
1778913009058 0.44731616973876953 1
1778913010981 0.43578338623046875 2
1778913013370 0.42452648282051086 3
1778913014288 0.4057929217815399 4
1778913015136 0.39171257615089417 5
1778913016043 0.38472476601600647 6
1778913016800 0.3795921802520752 7
1778913017555 0.37291231751441956 8
1778913018303 0.3672875165939331 9
1778913019154 0.3661724030971527 10
1778913020184 0.36370018124580383 11
1778913021050 0.3625624179840088 12
1778913021877 0.3614494800567627 13
1778913022827 0.36397403478622437 14
1778913024111 0.35751500725746155 15
1778913025051 0.35892367362976074 16
1778913025855 0.35509878396987915 17
1778913026700 0.35278016328811646 18
1778913027588 0.3589235842227936 19
1778913028421 0.3515876829624176 20
1778913029353 0.35232552886009216 21
1778913030125 0.3519124686717987 22
1778913030884 0.35111290216445923 23
1778913031699 0.35050734877586365 24
1778913032705 0.3525896966457367 25
1778913033428 0.35139334201812744 26
1778913034208 0.3463934361934662 27
1778913034926 0.3489800989627838 28
1778913035833 0.34837496280670166 29
1778913036633 0.3440840244293213 30
1778913037358 0.3454876244068146 31
1778913038005 0.3498413860797882 32
1778913038740 0.3435501456260681 33
1778913039411 0.34202131628990173 34
1778913007934 0.4948667287826538 0
1778913055171 0.3589235842227936 35
