1778912639442 0.768719494342804 0
1778912640275 0.8053445219993591 1
1778912641163 0.8140260577201843 2
1778912642192 0.8259630799293518 3
1778912642935 0.826641321182251 4
1778912643597 0.8345089554786682 5
1778912644309 0.8399348855018616 6
1778912645118 0.8430548310279846 7
1778912645937 0.8430548310279846 8
1778912646755 0.844411313533783 9
1778912647714 0.8491590023040771 10
1778912648450 0.851736307144165 11
1778912649185 0.8483451008796692 12
1778912649943 0.8488876819610596 13
1778912650723 0.8529571294784546 14
1778912651435 0.8544492721557617 15
1778912652108 0.8529571294784546 16
1778912652801 0.8560770750045776 17
1778912653542 0.8541779518127441 18
1778912654501 0.8537710309028625 19
1778912655291 0.8516006469726562 20
1778912656078 0.8505154848098755 21
1778912656839 0.8570265769958496 22
1778912657569 0.8524145483970642 23
1778912658341 0.8545849323272705 24
1778912659020 0.8540423512458801 25
1778912659895 0.8570265769958496 26
1778912660616 0.8560770750045776 27
1778912661395 0.8545849323272705 28
1778912662062 0.8560770750045776 29
1778912662846 0.856619656085968 30
1778912663575 0.8548561930656433 31
1778912664251 0.8577048182487488 32
1778912664939 0.8568909168243408 33
1778912665677 0.8578404784202576 34
1778912666536 0.8594682812690735 35
1778912667284 0.8601465225219727 36
1778912668025 0.8585187196731567 37
1778912668745 0.8571622371673584 38
1778912639442 0.768719494342804 0
1778912681165 0.8524145483970642 39
