1778912639442 0.5217933058738708 0
1778912640275 0.4493310749530792 1
1778912641163 0.42984122037887573 2
1778912642192 0.4144173860549927 3
1778912642935 0.4036877751350403 4
1778912643597 0.40103816986083984 5
1778912644309 0.38584843277931213 6
1778912645118 0.3855310082435608 7
1778912645937 0.38197001814842224 8
1778912646755 0.37816542387008667 9
1778912647714 0.37402352690696716 10
1778912648450 0.3709363043308258 11
1778912649185 0.36942291259765625 12
1778912649943 0.3667025864124298 13
1778912650723 0.36342090368270874 14
1778912651435 0.3564388155937195 15
1778912652108 0.36174410581588745 16
1778912652801 0.3578602373600006 17
1778912653542 0.35734057426452637 18
1778912654501 0.35837307572364807 19
1778912655291 0.3591485321521759 20
1778912656078 0.36782827973365784 21
1778912656839 0.35734468698501587 22
1778912657569 0.3543491065502167 23
1778912658341 0.35521337389945984 24
1778912659020 0.35545262694358826 25
1778912659895 0.35377931594848633 26
1778912660616 0.3544257581233978 27
1778912661395 0.3565347194671631 28
1778912662062 0.35406556725502014 29
1778912662846 0.35341450572013855 30
1778912663575 0.3526482582092285 31
1778912664251 0.34864935278892517 32
1778912664939 0.3478319048881531 33
1778912665677 0.34709256887435913 34
1778912666536 0.3474149703979492 35
1778912667284 0.34565049409866333 36
1778912668025 0.3486884832382202 37
1778912668745 0.3500230312347412 38
1778912639442 0.5217933058738708 0
1778912681165 0.3543491065502167 39
