1779085584542 0.8243353366851807 0
1779085585262 0.8437330722808838 1
1779085586056 0.8483451008796692 2
1779085586858 0.8475311994552612 3
1779085587683 0.8529571294784546 4
1779085588511 0.8490233421325684 5
1779085589269 0.8522788882255554 6
1779085590041 0.8499728441238403 7
1779085590852 0.8507867455482483 8
1779085591709 0.8509224057197571 9
1779085592495 0.851736307144165 10
1779085593389 0.8479381203651428 11
1779085594117 0.852550208568573 12
1779085594909 0.8563483357429504 13
1779085595644 0.8502441644668579 14
1779085584542 0.8243353366851807 0
1779085606579 0.8529571294784546 15
