1779085584542 0.4256226122379303 0
1779085585262 0.383572518825531 1
1779085586056 0.37168753147125244 2
1779085586858 0.3779008388519287 3
1779085587683 0.3740394413471222 4
1779085588511 0.3633027672767639 5
1779085589269 0.36652201414108276 6
1779085590041 0.3687443435192108 7
1779085590852 0.36044225096702576 8
1779085591709 0.36939945816993713 9
1779085592495 0.36690476536750793 10
1779085593389 0.36646562814712524 11
1779085594117 0.35996878147125244 12
1779085594909 0.3618830144405365 13
1779085595644 0.36227932572364807 14
1779085584542 0.4256226122379303 0
1779085606579 0.3740394413471222 15
