1779085352648 0.7810634970664978 0
1779085353310 0.8309820890426636 1
1779085354338 0.8483451008796692 2
1779085355027 0.8503798246383667 3
1779085355755 0.8548561930656433 4
1779085356422 0.8564839959144592 5
1779085357023 0.8545849323272705 6
1779085357680 0.8589256405830383 7
1779085358323 0.8596038818359375 8
1779085359004 0.8601465225219727 9
1779085359653 0.8610960245132446 10
1779085360361 0.8602821230888367 11
1779085361023 0.8634020686149597 12
1779085361763 0.8629950881004333 13
1779085362365 0.8647585511207581 14
1779085362987 0.8635377287864685 15
1779085363640 0.8642159700393677 16
1779085364308 0.8644872307777405 17
1779085364949 0.8646228909492493 18
1779085365628 0.8648942112922668 19
1779085366399 0.8666576147079468 20
1779085367114 0.8653011322021484 21
1779085367769 0.8662506937980652 22
1779085368507 0.8678784370422363 23
1779085369128 0.8682854175567627 24
1779085369848 0.867335855960846 25
1779085370487 0.8667932748794556 26
1779085371085 0.8666576147079468 27
1779085371691 0.8690993189811707 28
1779085372294 0.8669289350509644 29
1779085372903 0.8666576147079468 30
1779085373487 0.8695062398910522 31
1779085374248 0.8680140972137451 32
1779085374894 0.8677428364753723 33
1779085375567 0.8682854175567627 34
1779085376201 0.8677428364753723 35
1779085376789 0.8703201413154602 36
1779085377488 0.8695062398910522 37
1779085378200 0.8689636588096619 38
1779085378894 0.8699131608009338 39
1779085379559 0.8718122839927673 40
1779085380295 0.8712696433067322 41
1779085380955 0.870455801486969 42
1779085381690 0.8700488209724426 43
1779085382393 0.8700488209724426 44
1779085383052 0.8697775602340698 45
1779085383647 0.8711340427398682 46
1779085384409 0.8708627223968506 47
1779085385067 0.8697775602340698 48
1779085385704 0.8719478845596313 49
1779085352648 0.7810634970664978 0
