1779085352648 0.4774937927722931 0
1779085353310 0.39359039068222046 1
1779085354338 0.36819779872894287 2
1779085355027 0.358653724193573 3
1779085355755 0.353708952665329 4
1779085356422 0.3504126965999603 5
1779085357023 0.3473103940486908 6
1779085357680 0.3438800275325775 7
1779085358323 0.3425675928592682 8
1779085359004 0.34005412459373474 9
1779085359653 0.33828920125961304 10
1779085360361 0.3362123966217041 11
1779085361023 0.3349967300891876 12
1779085361763 0.3336782455444336 13
1779085362365 0.33260196447372437 14
1779085362987 0.33149802684783936 15
1779085363640 0.33075305819511414 16
1779085364308 0.3287193179130554 17
1779085364949 0.32837051153182983 18
1779085365628 0.32811903953552246 19
1779085366399 0.3274594843387604 20
1779085367114 0.3265838921070099 21
1779085367769 0.3245686888694763 22
1779085368507 0.325105756521225 23
1779085369128 0.32400262355804443 24
1779085369848 0.3230150640010834 25
1779085370487 0.32300901412963867 26
1779085371085 0.32280629873275757 27
1779085371691 0.3211974501609802 28
1779085372294 0.3201773166656494 29
1779085372903 0.32032549381256104 30
1779085373487 0.3190266489982605 31
1779085374248 0.3186970055103302 32
1779085374894 0.3189902603626251 33
1779085375567 0.3184810280799866 34
1779085376201 0.31687846779823303 35
1779085376789 0.31692779064178467 36
1779085377488 0.3158816993236542 37
1779085378200 0.3157763183116913 38
1779085378894 0.31487560272216797 39
1779085379559 0.31406790018081665 40
1779085380295 0.31379255652427673 41
1779085380955 0.313495010137558 42
1779085381690 0.31270867586135864 43
1779085382393 0.3127707540988922 44
1779085383052 0.31288889050483704 45
1779085383647 0.3122197985649109 46
1779085384409 0.31190025806427 47
1779085385067 0.31247660517692566 48
1779085385704 0.3115918040275574 49
1779085352648 0.4774937927722931 0
