1778912353086 0.7845903635025024 0
1778912353801 0.8030385375022888 1
1778912354514 0.8098209500312805 2
1778912355277 0.817688524723053 3
1778912355962 0.8179598450660706 4
1778912356709 0.8190450072288513 5
1778912357458 0.8286760449409485 6
1778912358334 0.8296256065368652 7
1778912359040 0.8298969268798828 8
1778912359701 0.8416982889175415 9
1778912360409 0.8388497233390808 10
1778912361186 0.8408844470977783 11
1778912361882 0.8406131267547607 12
1778912362532 0.8422409296035767 13
1778912363219 0.8457677960395813 14
1778912364028 0.8419696092605591 15
1778912364765 0.8475311994552612 16
1778912365582 0.8480737805366516 17
1778912366295 0.8501085042953491 18
1778912367150 0.8452251553535461 19
1778912367833 0.8467172980308533 20
1778912368567 0.8521432280540466 21
1778912369268 0.8545849323272705 22
1778912369995 0.8491590023040771 23
1778912370854 0.8503798246383667 24
1778912371702 0.8578404784202576 25
1778912372513 0.8514649868011475 26
1778912373291 0.8499728441238403 27
1778912374081 0.8536353707313538 28
1778912374901 0.8516006469726562 29
1778912375703 0.8511937260627747 30
1778912376409 0.8522788882255554 31
1778912377147 0.8563483357429504 32
1778912377882 0.8562126755714417 33
1778912353086 0.7845903635025024 0
1778912390124 0.8501085042953491 34
