1778912353086 0.4960031807422638 0
1778912353801 0.45471131801605225 1
1778912354514 0.43835651874542236 2
1778912355277 0.43030980229377747 3
1778912355962 0.4257241189479828 4
1778912356709 0.4140694737434387 5
1778912357458 0.40861639380455017 6
1778912358334 0.40207546949386597 7
1778912359040 0.39458167552948 8
1778912359701 0.38566792011260986 9
1778912360409 0.382899671792984 10
1778912361186 0.38428983092308044 11
1778912361882 0.3815857470035553 12
1778912362532 0.3788060247898102 13
1778912363219 0.37611114978790283 14
1778912364028 0.3728218674659729 15
1778912364765 0.37132444977760315 16
1778912365582 0.36689338088035583 17
1778912366295 0.3659746050834656 18
1778912367150 0.3678915202617645 19
1778912367833 0.36713218688964844 20
1778912368567 0.3632705807685852 21
1778912369268 0.3574732542037964 22
1778912369995 0.36445215344429016 23
1778912370854 0.36123278737068176 24
1778912371702 0.3544286787509918 25
1778912372513 0.36216479539871216 26
1778912373291 0.3629905581474304 27
1778912374081 0.35686156153678894 28
1778912374901 0.35633614659309387 29
1778912375703 0.3613448441028595 30
1778912376409 0.3569539487361908 31
1778912377147 0.35231825709342957 32
1778912377882 0.35262933373451233 33
1778912353086 0.4960031807422638 0
1778912390124 0.3659746050834656 34
