1779083991233 0.7851329445838928 0
1779083992038 0.7982908487319946 1
1779083992763 0.8113130927085876 2
1779083993471 0.8182311654090881 3
1779083994164 0.8199945688247681 4
1779083995053 0.8263700604438782 5
1779083995819 0.8319316506385803 6
1779083996650 0.8377645015716553 7
1779083997390 0.8384427428245544 8
1779083998127 0.8454964756965637 9
1779083998850 0.8434617519378662 10
1779083999589 0.851736307144165 11
1779084000332 0.848480761051178 12
1779084001010 0.8490233421325684 13
1779084001684 0.8501085042953491 14
1779084002312 0.8507867455482483 15
1779084003019 0.851736307144165 16
1779084003710 0.84943026304245 17
1779084004664 0.8518719673156738 18
1779084005496 0.8507867455482483 19
1779084006178 0.8552631735801697 20
1779084006910 0.8551275134086609 21
1779084007612 0.8548561930656433 22
1779084008260 0.857433557510376 23
1779084008920 0.8544492721557617 24
1779084009612 0.8567553162574768 25
1779084010300 0.8522788882255554 26
1779084011128 0.8552631735801697 27
1779084011856 0.8553988337516785 28
1779084012646 0.857433557510376 29
1779084013436 0.8586543798446655 30
1779084014191 0.8530927896499634 31
1779084014854 0.8600108623504639 32
1779084015696 0.856619656085968 33
1779084016446 0.8601465225219727 34
1779084017141 0.8578404784202576 35
1779084017815 0.8609603643417358 36
1779083991233 0.7851329445838928 0
1779084028954 0.8551275134086609 37
