1779083991233 0.5027155876159668 0
1779083992038 0.45248109102249146 1
1779083992763 0.4361409544944763 2
1779083993471 0.42893728613853455 3
1779083994164 0.42026451230049133 4
1779083995053 0.4104650020599365 5
1779083995819 0.40626370906829834 6
1779083996650 0.39443615078926086 7
1779083997390 0.38430604338645935 8
1779083998127 0.38053983449935913 9
1779083998850 0.37685900926589966 10
1779083999589 0.37091100215911865 11
1779084000332 0.37312811613082886 12
1779084001010 0.3710004985332489 13
1779084001684 0.3667544722557068 14
1779084002312 0.3622848689556122 15
1779084003019 0.3588336110115051 16
1779084003710 0.3658266067504883 17
1779084004664 0.3597307503223419 18
1779084005496 0.36374667286872864 19
1779084006178 0.357117623090744 20
1779084006910 0.3578832447528839 21
1779084007612 0.3565530776977539 22
1779084008260 0.35585373640060425 23
1779084008920 0.35583677887916565 24
1779084009612 0.3541654944419861 25
1779084010300 0.3554525673389435 26
1779084011128 0.3519798219203949 27
1779084011856 0.3545563220977783 28
1779084012646 0.35586532950401306 29
1779084013436 0.3496943414211273 30
1779084014191 0.3521910309791565 31
1779084014854 0.347530335187912 32
1779084015696 0.3515094518661499 33
1779084016446 0.34910082817077637 34
1779084017141 0.3517692983150482 35
1779084017815 0.346718966960907 36
1779083991233 0.5027155876159668 0
1779084028954 0.3578832447528839 37
