1779086974466 0.7668204307556152 0
1779086976081 0.8187737464904785 1
1779086977370 0.8326098918914795 2
1779086978837 0.8411557078361511 3
1779086980355 0.8475311994552612 4
1779086981487 0.8524145483970642 5
1779086982987 0.8551275134086609 6
1779086984325 0.8560770750045776 7
1779086985705 0.8579761385917664 8
1779086987073 0.8604177832603455 9
1779086988511 0.8612316846847534 10
1779086989995 0.8640803098678589 11
1779086991354 0.8640803098678589 12
1779086992733 0.8632664084434509 13
1779086994061 0.8631307482719421 14
1779086995573 0.8639446496963501 15
1779086996869 0.8639446496963501 16
1779086998119 0.8623168468475342 17
1779086999482 0.8650298714637756 18
1779087000850 0.8634020686149597 19
1779087002292 0.865572452545166 20
1779087003671 0.8646228909492493 21
1779087005300 0.8642159700393677 22
1779087006727 0.8669289350509644 23
1779087008120 0.8647585511207581 24
1779087009212 0.8657081127166748 25
1779087010143 0.8653011322021484 26
1779087011122 0.8666576147079468 27
1779087011960 0.8681497573852539 28
1779087013399 0.8657081127166748 29
1779087014712 0.8677428364753723 30
1779087016206 0.8666576147079468 31
1779087017594 0.867335855960846 32
1779087018999 0.8650298714637756 33
1779087020501 0.8677428364753723 34
1779087021916 0.8669289350509644 35
1779087023455 0.8686923384666443 36
1779087024676 0.8676071763038635 37
1779087025893 0.8690993189811707 38
1779087027308 0.8685566782951355 39
1779087028789 0.8674715161323547 40
1779087029674 0.8688279986381531 41
1779087031121 0.8666576147079468 42
1779087032509 0.8689636588096619 43
1779087033920 0.8678784370422363 44
1779087035350 0.8672001957893372 45
1779087036897 0.870455801486969 46
1779087038347 0.8700488209724426 47
1779087039919 0.8689636588096619 48
1779087041389 0.8720835447311401 49
1779086974466 0.7668204307556152 0
