1779086974466 0.5187053084373474 0
1779086976081 0.41514191031455994 1
1779086977370 0.3891618251800537 2
1779086978837 0.37413138151168823 3
1779086980355 0.362880676984787 4
1779086981487 0.3561726212501526 5
1779086982987 0.3504999279975891 6
1779086984325 0.34661391377449036 7
1779086985705 0.3432120978832245 8
1779086987073 0.34109804034233093 9
1779086988511 0.3394002318382263 10
1779086989995 0.33789321780204773 11
1779086991354 0.3360753357410431 12
1779086992733 0.33710622787475586 13
1779086994061 0.33423659205436707 14
1779086995573 0.3319530487060547 15
1779086996869 0.332701712846756 16
1779086998119 0.3324238359928131 17
1779086999482 0.3309280574321747 18
1779087000850 0.33005422353744507 19
1779087002292 0.3290974795818329 20
1779087003671 0.3287826478481293 21
1779087005300 0.3282833397388458 22
1779087006727 0.3293301463127136 23
1779087008120 0.3274747431278229 24
1779087009212 0.3265942335128784 25
1779087010143 0.32628071308135986 26
1779087011122 0.3261457085609436 27
1779087011960 0.3254249095916748 28
1779087013399 0.3255506157875061 29
1779087014712 0.32379278540611267 30
1779087016206 0.32398492097854614 31
1779087017594 0.3237900137901306 32
1779087018999 0.32341209053993225 33
1779087020501 0.323272168636322 34
1779087021916 0.32208776473999023 35
1779087023455 0.32206445932388306 36
1779087024676 0.3231806457042694 37
1779087025893 0.32158759236335754 38
1779087027308 0.32165753841400146 39
1779087028789 0.3208938539028168 40
1779087029674 0.3197195827960968 41
1779087031121 0.3195483386516571 42
1779087032509 0.3199467658996582 43
1779087033920 0.3209938406944275 44
1779087035350 0.31969907879829407 45
1779087036897 0.3187432289123535 46
1779087038347 0.319187194108963 47
1779087039919 0.317931205034256 48
1779087041389 0.31764963269233704 49
1779086974466 0.5187053084373474 0
