1778913065495 0.799647331237793 0
1778913066279 0.8260987401008606 1
1778913067098 0.8377645015716553 2
1778913067931 0.8465816378593445 3
1778913068654 0.8522788882255554 4
1778913069499 0.8558057546615601 5
1778913070241 0.8594682812690735 6
1778913070967 0.861638605594635 7
1778913071669 0.8623168468475342 8
1778913072586 0.8593326210975647 9
1778913073400 0.8623168468475342 10
1778913074213 0.8621812462806702 11
1778913074960 0.8629950881004333 12
1778913075783 0.8636733293533325 13
1778913076475 0.8631307482719421 14
1778913077211 0.8628594875335693 15
1778913077893 0.8646228909492493 16
1778913078784 0.8653011322021484 17
1778913079477 0.8659793734550476 18
1778913080200 0.866521954536438 19
1778913080871 0.8638089895248413 20
1778913081602 0.866386353969574 21
1778913082320 0.8654367923736572 22
1778913083025 0.8661150336265564 23
1778913083717 0.8681497573852539 24
1778913084388 0.865572452545166 25
1778913085081 0.8678784370422363 26
1778913085976 0.8669289350509644 27
1778913086645 0.8661150336265564 28
1778913087327 0.8678784370422363 29
1778913088031 0.8678784370422363 30
1778913088868 0.8678784370422363 31
1778913089726 0.870455801486969 32
1778913090518 0.8690993189811707 33
1778913091436 0.8697775602340698 34
1778913092448 0.8684210777282715 35
1778913093191 0.8693705797195435 36
1778913093921 0.8707270622253418 37
1778913094751 0.8709983825683594 38
1778913095503 0.8711340427398682 39
1778913096220 0.8684210777282715 40
1778913097082 0.8693705797195435 41
1778913097815 0.8720835447311401 42
1778913098525 0.8723548650741577 43
1778913099231 0.8718122839927673 44
1778913099866 0.8742539286613464 45
1778913100556 0.8718122839927673 46
1778913101366 0.8718122839927673 47
1778913102105 0.8715409636497498 48
1778913102735 0.8722192049026489 49
1778913065495 0.799647331237793 0
