1778913065495 0.45723745226860046 0
1778913066279 0.403998464345932 1
1778913067098 0.38300445675849915 2
1778913067931 0.36742427945137024 3
1778913068654 0.35730451345443726 4
1778913069499 0.3512369692325592 5
1778913070241 0.34693893790245056 6
1778913070967 0.34376466274261475 7
1778913071669 0.34203454852104187 8
1778913072586 0.3399328887462616 9
1778913073400 0.3379140794277191 10
1778913074213 0.3375589847564697 11
1778913074960 0.3357539176940918 12
1778913075783 0.3348941206932068 13
1778913076475 0.33325034379959106 14
1778913077211 0.3321271538734436 15
1778913077893 0.33134177327156067 16
1778913078784 0.32973310351371765 17
1778913079477 0.3290918469429016 18
1778913080200 0.3277188539505005 19
1778913080871 0.3282470405101776 20
1778913081602 0.32709935307502747 21
1778913082320 0.32586222887039185 22
1778913083025 0.32570841908454895 23
1778913083717 0.32336315512657166 24
1778913084388 0.3249768614768982 25
1778913085081 0.3235185444355011 26
1778913085976 0.3227103352546692 27
1778913086645 0.32154011726379395 28
1778913087327 0.32158124446868896 29
1778913088031 0.3204270005226135 30
1778913088868 0.32079073786735535 31
1778913089726 0.320042222738266 32
1778913090518 0.3193233907222748 33
1778913091436 0.31910240650177 34
1778913092448 0.3190382122993469 35
1778913093191 0.3176838457584381 36
1778913093921 0.31767183542251587 37
1778913094751 0.3174317479133606 38
1778913095503 0.3161105215549469 39
1778913096220 0.3167165517807007 40
1778913097082 0.3156658113002777 41
1778913097815 0.315469354391098 42
1778913098525 0.31491920351982117 43
1778913099231 0.31474727392196655 44
1778913099866 0.3130948841571808 45
1778913100556 0.31373122334480286 46
1778913101366 0.31410062313079834 47
1778913102105 0.3131658434867859 48
1778913102735 0.3134862184524536 49
1778913065495 0.45723745226860046 0
