1778927137824 0.781741738319397 0
1778927139240 0.8001899123191833 1
1778927140694 0.8092783689498901 2
1778927142532 0.8274552226066589 3
1778927144153 0.8294899463653564 4
1778927145748 0.8370862603187561 5
1778927147379 0.8358654379844666 6
1778927149156 0.8415626883506775 7
1778927150572 0.8449538946151733 8
1778927152006 0.8426478505134583 9
1778927153070 0.8449538946151733 10
1778927154312 0.8501085042953491 11
1778927155641 0.8487520217895508 12
1778927156898 0.8471242785453796 13
1778927158454 0.8495659232139587 14
1778927159927 0.8518719673156738 15
1778927161529 0.852685809135437 16
1778927162894 0.8513293266296387 17
1778927164481 0.8510580658912659 18
1778927165939 0.8551275134086609 19
1778927167464 0.8521432280540466 20
1778927168540 0.8490233421325684 21
1778927169439 0.8564839959144592 22
1778927170578 0.8586543798446655 23
1778927171841 0.857433557510376 24
1778927173276 0.8563483357429504 25
1778927174355 0.857433557510376 26
1778927175636 0.8560770750045776 27
1778927177115 0.8586543798446655 28
1778927178412 0.8571622371673584 29
1778927179923 0.8577048182487488 30
1778927181659 0.8553988337516785 31
1778927183084 0.8612316846847534 32
1778927184394 0.8591969609260559 33
1778927137824 0.781741738319397 0
1778927208744 0.8510580658912659 34
