1778927137824 0.5071543455123901 0
1778927139240 0.4565296769142151 1
1778927140694 0.43440577387809753 2
1778927142532 0.4098874032497406 3
1778927144153 0.4032144248485565 4
1778927145748 0.38830500841140747 5
1778927147379 0.38663917779922485 6
1778927149156 0.379524290561676 7
1778927150572 0.374507874250412 8
1778927152006 0.37402892112731934 9
1778927153070 0.37216177582740784 10
1778927154312 0.3678056001663208 11
1778927155641 0.36421921849250793 12
1778927156898 0.36625197529792786 13
1778927158454 0.3611416816711426 14
1778927159927 0.36367177963256836 15
1778927161529 0.3643858730792999 16
1778927162894 0.3616980016231537 17
1778927164481 0.3618338704109192 18
1778927165939 0.359236478805542 19
1778927167464 0.3587769567966461 20
1778927168540 0.36039745807647705 21
1778927169439 0.35492759943008423 22
1778927170578 0.353488028049469 23
1778927171841 0.35277339816093445 24
1778927173276 0.3542424440383911 25
1778927174355 0.3526974320411682 26
1778927175636 0.35328492522239685 27
1778927177115 0.35215699672698975 28
1778927178412 0.3542947769165039 29
1778927179923 0.3531324565410614 30
1778927181659 0.35427752137184143 31
1778927183084 0.3501112759113312 32
1778927184394 0.35071492195129395 33
1778927137824 0.5071543455123901 0
1778927208744 0.3618338704109192 34
