1779085819488 0.8064297437667847 0
1779085820697 0.8374932408332825 1
1779085821800 0.8448182344436646 2
1779085822723 0.8482094407081604 3
1779085823441 0.8505154848098755 4
1779085824242 0.8475311994552612 5
1779085824981 0.8492946028709412 6
1779085825675 0.848480761051178 7
1779085826398 0.8482094407081604 8
1779085827101 0.8543136119842529 9
1779085827846 0.8516006469726562 10
1779085828555 0.8556700944900513 11
1779085829414 0.8532284498214722 12
1779085830130 0.8553988337516785 13
1779085830859 0.852685809135437 14
1779085831724 0.8520075678825378 15
1779085832637 0.8544492721557617 16
1779085833493 0.8544492721557617 17
1779085834305 0.8543136119842529 18
1779085835172 0.8479381203651428 19
1779085835980 0.853364109992981 20
1779085836680 0.8556700944900513 21
1779085837432 0.8505154848098755 22
1779085819488 0.8064297437667847 0
1779085848617 0.8532284498214722 23
