1779085819488 0.4453648626804352 0
1779085820697 0.39138492941856384 1
1779085821800 0.38426125049591064 2
1779085822723 0.379701167345047 3
1779085823441 0.3689822256565094 4
1779085824242 0.37172362208366394 5
1779085824981 0.36771100759506226 6
1779085825675 0.3656277060508728 7
1779085826398 0.36655393242836 8
1779085827101 0.3616480827331543 9
1779085827846 0.3586485683917999 10
1779085828555 0.3614722490310669 11
1779085829414 0.3610066771507263 12
1779085830130 0.3600768446922302 13
1779085830859 0.36361584067344666 14
1779085831724 0.3564555048942566 15
1779085832637 0.3574819564819336 16
1779085833493 0.3545648157596588 17
1779085834305 0.35311806201934814 18
1779085835172 0.3588503301143646 19
1779085835980 0.35660576820373535 20
1779085836680 0.3526039719581604 21
1779085837432 0.35587409138679504 22
1779085819488 0.4453648626804352 0
1779085848617 0.3610066771507263 23
