1779083314443 0.7802495956420898 0
1779083315498 0.8054801821708679 1
1779083316338 0.8121269941329956 2
1779083317145 0.8259630799293518 3
1779083317937 0.8362723588943481 4
1779083318862 0.8320673108100891 5
1779083319919 0.8399348855018616 6
1779083321075 0.8464460372924805 7
1779083322201 0.8449538946151733 8
1779083323222 0.8482094407081604 9
1779083324057 0.8479381203651428 10
1779083325533 0.8465816378593445 11
1779083326284 0.8501085042953491 12
1779083327024 0.8502441644668579 13
1779083327795 0.84943026304245 14
1779083328571 0.8503798246383667 15
1779083329366 0.8520075678825378 16
1779083330192 0.8509224057197571 17
1779083330958 0.8539066910743713 18
1779083331676 0.8532284498214722 19
1779083332317 0.8511937260627747 20
1779083333003 0.8568909168243408 21
1779083333753 0.8537710309028625 22
1779083334454 0.8536353707313538 23
1779083335203 0.8521432280540466 24
1779083335911 0.8539066910743713 25
1779083336649 0.857433557510376 26
1779083337507 0.8567553162574768 27
1779083338316 0.8562126755714417 28
1779083339003 0.8537710309028625 29
1779083339748 0.8563483357429504 30
1779083340575 0.8579761385917664 31
1779083341257 0.8551275134086609 32
1779083341921 0.8544492721557617 33
1779083342635 0.856619656085968 34
1779083343445 0.8560770750045776 35
1779083344138 0.8591969609260559 36
1779083344844 0.857433557510376 37
1779083314443 0.7802495956420898 0
1779083355874 0.8537710309028625 38
