1779083314443 0.5081872344017029 0
1779083315498 0.453422486782074 1
1779083316338 0.4304492771625519 2
1779083317145 0.41146332025527954 3
1779083317937 0.40112313628196716 4
1779083318862 0.38887593150138855 5
1779083319919 0.3833097517490387 6
1779083321075 0.37733837962150574 7
1779083322201 0.37660783529281616 8
1779083323222 0.368531733751297 9
1779083324057 0.3670068383216858 10
1779083325533 0.36750608682632446 11
1779083326284 0.3606237769126892 12
1779083327024 0.3647864758968353 13
1779083327795 0.36268100142478943 14
1779083328571 0.3624523878097534 15
1779083329366 0.3598557114601135 16
1779083330192 0.35762226581573486 17
1779083330958 0.3557378053665161 18
1779083331676 0.35801318287849426 19
1779083332317 0.357862263917923 20
1779083333003 0.35730668902397156 21
1779083333753 0.352719783782959 22
1779083334454 0.35692939162254333 23
1779083335203 0.3576415479183197 24
1779083335911 0.35636305809020996 25
1779083336649 0.3524426817893982 26
1779083337507 0.3507991135120392 27
1779083338316 0.35322946310043335 28
1779083339003 0.3510507047176361 29
1779083339748 0.3496423363685608 30
1779083340575 0.34827160835266113 31
1779083341257 0.35219883918762207 32
1779083341921 0.35397401452064514 33
1779083342635 0.34913215041160583 34
1779083343445 0.34581875801086426 35
1779083344138 0.3468901216983795 36
1779083344844 0.34643206000328064 37
1779083314443 0.5081872344017029 0
1779083355874 0.352719783782959 38
