1779085706474 0.7911014556884766 0
1779085707225 0.816739022731781 1
1779085708149 0.8279978036880493 2
1779085708895 0.8384427428245544 3
1779085709709 0.8423765301704407 4
1779085710445 0.8426478505134583 5
1779085711149 0.8492946028709412 6
1779085711847 0.8490233421325684 7
1779085712565 0.8491590023040771 8
1779085713292 0.8499728441238403 9
1779085714013 0.8540423512458801 10
1779085714806 0.851736307144165 11
1779085715598 0.8540423512458801 12
1779085716283 0.853499710559845 13
1779085717004 0.8549918532371521 14
1779085717744 0.8556700944900513 15
1779085718487 0.8587900400161743 16
1779085719289 0.8577048182487488 17
1779085720094 0.8581117987632751 18
1779085720894 0.8608247637748718 19
1779085721932 0.858383059501648 20
1779085722657 0.8586543798446655 21
1779085706474 0.7911014556884766 0
1779085733566 0.851736307144165 22
