1779085706474 0.47375258803367615 0
1779085707225 0.42485442757606506 1
1779085708149 0.40711310505867004 2
1779085708895 0.38675275444984436 3
1779085709709 0.3788154423236847 4
1779085710445 0.3750483989715576 5
1779085711149 0.3708699643611908 6
1779085711847 0.3657768964767456 7
1779085712565 0.36564022302627563 8
1779085713292 0.3616918623447418 9
1779085714013 0.3567812740802765 10
1779085714806 0.3605336844921112 11
1779085715598 0.35771358013153076 12
1779085716283 0.35278743505477905 13
1779085717004 0.35172757506370544 14
1779085717744 0.3562232255935669 15
1779085718487 0.35072439908981323 16
1779085719289 0.34935542941093445 17
1779085720094 0.3493982255458832 18
1779085720894 0.3456316292285919 19
1779085721932 0.34763529896736145 20
1779085722657 0.3456921875476837 21
1779085706474 0.47375258803367615 0
1779085733566 0.3605336844921112 22
