1779087164913 0.7997829914093018 0
1779087166836 0.8210797905921936 1
1779087168572 0.831524670124054 2
1779087170313 0.8403418064117432 3
1779087171972 0.8415626883506775 4
1779087173850 0.8497015833854675 5
1779087175651 0.8469886183738708 6
1779087177297 0.851736307144165 7
1779087179125 0.8537710309028625 8
1779087180854 0.8590613007545471 9
1779087182482 0.8582473993301392 10
1779087184163 0.8613673448562622 11
1779087185641 0.8581117987632751 12
1779087187089 0.8564839959144592 13
1779087188970 0.8591969609260559 14
1779087190386 0.85756915807724 15
1779087191884 0.8620455861091614 16
1779087193639 0.860689103603363 17
1779087195380 0.8590613007545471 18
1779087197191 0.8594682812690735 19
1779087198823 0.8667932748794556 20
1779087200466 0.8621812462806702 21
1779087202051 0.8629950881004333 22
1779087203731 0.865572452545166 23
1779087205484 0.8620455861091614 24
1779087207053 0.8613673448562622 25
1779087208823 0.8627238273620605 26
1779087210534 0.8644872307777405 27
1779087212252 0.862452507019043 28
1779087213982 0.8640803098678589 29
1779087215797 0.8661150336265564 30
1779087217503 0.8658437132835388 31
1779087218756 0.8651654720306396 32
1779087220323 0.8666576147079468 33
1779087164913 0.7997829914093018 0
1779087238820 0.865572452545166 34
