1779087164913 0.4713159501552582 0
1779087166836 0.4215823709964752 1
1779087168572 0.40171927213668823 2
1779087170313 0.3863624036312103 3
1779087171972 0.37493813037872314 4
1779087173850 0.36726975440979004 5
1779087175651 0.36728373169898987 6
1779087177297 0.3623936176300049 7
1779087179125 0.3576362431049347 8
1779087180854 0.3549865484237671 9
1779087182482 0.35446491837501526 10
1779087184163 0.34917595982551575 11
1779087185641 0.35650283098220825 12
1779087187089 0.3509388267993927 13
1779087188970 0.34502387046813965 14
1779087190386 0.35139089822769165 15
1779087191884 0.3431416153907776 16
1779087193639 0.34460562467575073 17
1779087195380 0.34593385457992554 18
1779087197191 0.34530189633369446 19
1779087198823 0.3381544351577759 20
1779087200466 0.3409435749053955 21
1779087202051 0.33935070037841797 22
1779087203731 0.3346504271030426 23
1779087205484 0.34130677580833435 24
1779087207053 0.3377259373664856 25
1779087208823 0.33947932720184326 26
1779087210534 0.3379834294319153 27
1779087212252 0.338331013917923 28
1779087213982 0.3351115584373474 29
1779087215797 0.33641865849494934 30
1779087217503 0.33679506182670593 31
1779087218756 0.33460044860839844 32
1779087220323 0.3336937427520752 33
1779087164913 0.4713159501552582 0
1779087238820 0.3346504271030426 34
