1779085656756 0.7932718396186829 0
1779085657692 0.8123982548713684 1
1779085658629 0.8259630799293518 2
1779085659453 0.8373575806617737 3
1779085660350 0.842783510684967 4
1779085661213 0.8463103771209717 5
1779085662052 0.8507867455482483 6
1779085662959 0.8556700944900513 7
1779085663737 0.8513293266296387 8
1779085664520 0.8567553162574768 9
1779085665300 0.8540423512458801 10
1779085666081 0.8589256405830383 11
1779085666865 0.85756915807724 12
1779085667701 0.8563483357429504 13
1779085668478 0.8604177832603455 14
1779085669327 0.8594682812690735 15
1779085670135 0.8602821230888367 16
1779085671079 0.8632664084434509 17
1779085672055 0.8617742657661438 18
1779085673058 0.8596038818359375 19
1779085674001 0.8635377287864685 20
1779085674803 0.8623168468475342 21
1779085675672 0.8623168468475342 22
1779085676459 0.8662506937980652 23
1779085677257 0.8642159700393677 24
1779085678050 0.8646228909492493 25
1779085678859 0.8648942112922668 26
1779085679667 0.8640803098678589 27
1779085680488 0.867335855960846 28
1779085681348 0.8690993189811707 29
1779085682346 0.8653011322021484 30
1779085683224 0.8670645952224731 31
1779085684042 0.8670645952224731 32
1779085684833 0.869641900062561 33
1779085685629 0.8670645952224731 34
1779085686462 0.8676071763038635 35
1779085687376 0.8674715161323547 36
1779085688277 0.8670645952224731 37
1779085689207 0.8646228909492493 38
1779085690130 0.8692349195480347 39
1779085690944 0.8650298714637756 40
1779085656756 0.7932718396186829 0
1779085702940 0.8653011322021484 41
