1779085656756 0.46972715854644775 0
1779085657692 0.42874595522880554 1
1779085658629 0.4102811813354492 2
1779085659453 0.39189767837524414 3
1779085660350 0.3836778998374939 4
1779085661213 0.3711022734642029 5
1779085662052 0.3662589192390442 6
1779085662959 0.3591304421424866 7
1779085663737 0.36122003197669983 8
1779085664520 0.3562447428703308 9
1779085665300 0.35079142451286316 10
1779085666081 0.3527955114841461 11
1779085666865 0.35523778200149536 12
1779085667701 0.3523634076118469 13
1779085668478 0.3469553291797638 14
1779085669327 0.34839296340942383 15
1779085670135 0.3483964204788208 16
1779085671079 0.34232375025749207 17
1779085672055 0.3458184003829956 18
1779085673058 0.3464314043521881 19
1779085674001 0.3375872075557709 20
1779085674803 0.3409055471420288 21
1779085675672 0.3417741656303406 22
1779085676459 0.33760690689086914 23
1779085677257 0.3348831236362457 24
1779085678050 0.33449816703796387 25
1779085678859 0.33924373984336853 26
1779085679667 0.34062403440475464 27
1779085680488 0.3326489329338074 28
1779085681348 0.3322443962097168 29
1779085682346 0.3338482677936554 30
1779085683224 0.33080124855041504 31
1779085684042 0.330971360206604 32
1779085684833 0.33095473051071167 33
1779085685629 0.3307804763317108 34
1779085686462 0.32921844720840454 35
1779085687376 0.33064258098602295 36
1779085688277 0.32995736598968506 37
1779085689207 0.3321821987628937 38
1779085690130 0.3313762843608856 39
1779085690944 0.3311110734939575 40
1779085656756 0.46972715854644775 0
1779085702940 0.3338482677936554 41
