1779083251668 0.80290287733078 0
1779083252483 0.8274552226066589 1
1779083253153 0.8385784029960632 2
1779083253874 0.8456321358680725 3
1779083254637 0.8497015833854675 4
1779083255363 0.8536353707313538 5
1779083256248 0.8563483357429504 6
1779083257261 0.8596038818359375 7
1779083258111 0.8610960245132446 8
1779083258788 0.8602821230888367 9
1779083259501 0.8605534434318542 10
1779083260372 0.85756915807724 11
1779083261371 0.8643516302108765 12
1779083262639 0.860689103603363 13
1779083263485 0.8639446496963501 14
1779083264243 0.8628594875335693 15
1779083264959 0.8659793734550476 16
1779083265742 0.8643516302108765 17
1779083266497 0.8654367923736572 18
1779083267235 0.8643516302108765 19
1779083267929 0.8646228909492493 20
1779083268646 0.8646228909492493 21
1779083269363 0.866386353969574 22
1779083270159 0.865572452545166 23
1779083270957 0.8678784370422363 24
1779083271754 0.8670645952224731 25
1779083272566 0.8697775602340698 26
1779083273444 0.8685566782951355 27
1779083274401 0.8682854175567627 28
1779083275150 0.8682854175567627 29
1779083275922 0.8685566782951355 30
1779083276896 0.8677428364753723 31
1779083277697 0.869641900062561 32
1779083278473 0.8684210777282715 33
1779083279186 0.8695062398910522 34
1779083279917 0.8684210777282715 35
1779083280685 0.8690993189811707 36
1779083281449 0.8685566782951355 37
1779083282326 0.8715409636497498 38
1779083283118 0.8703201413154602 39
1779083283913 0.869641900062561 40
1779083284669 0.8726261258125305 41
1779083285455 0.869641900062561 42
1779083286244 0.8731687664985657 43
1779083287243 0.8730331063270569 44
1779083288209 0.8720835447311401 45
1779083289286 0.8715409636497498 46
1779083290237 0.8700488209724426 47
1779083291093 0.8709983825683594 48
1779083291905 0.8716766238212585 49
1779083251668 0.80290287733078 0
