1779083251668 0.4546065032482147 0
1779083252483 0.4056730270385742 1
1779083253153 0.38757723569869995 2
1779083253874 0.3747692406177521 3
1779083254637 0.3638782203197479 4
1779083255363 0.35676202178001404 5
1779083256248 0.3511219620704651 6
1779083257261 0.34794777631759644 7
1779083258111 0.34425774216651917 8
1779083258788 0.342713862657547 9
1779083259501 0.33968812227249146 10
1779083260372 0.33903875946998596 11
1779083261371 0.33691516518592834 12
1779083262639 0.3355620801448822 13
1779083263485 0.3353542685508728 14
1779083264243 0.3342483937740326 15
1779083264959 0.33197107911109924 16
1779083265742 0.33192357420921326 17
1779083266497 0.3307344913482666 18
1779083267235 0.3302927315235138 19
1779083267929 0.32851147651672363 20
1779083268646 0.3297407031059265 21
1779083269363 0.3273390233516693 22
1779083270159 0.3272676467895508 23
1779083270957 0.3257412314414978 24
1779083271754 0.32582077383995056 25
1779083272566 0.32507389783859253 26
1779083273444 0.324078768491745 27
1779083274401 0.3239089846611023 28
1779083275150 0.3228411376476288 29
1779083275922 0.32153332233428955 30
1779083276896 0.3210398256778717 31
1779083277697 0.32094722986221313 32
1779083278473 0.32040950655937195 33
1779083279186 0.3195962607860565 34
1779083279917 0.31876471638679504 35
1779083280685 0.3184479773044586 36
1779083281449 0.31811222434043884 37
1779083282326 0.31698960065841675 38
1779083283118 0.31736841797828674 39
1779083283913 0.31623294949531555 40
1779083284669 0.3156457543373108 41
1779083285455 0.3144688308238983 42
1779083286244 0.3141067624092102 43
1779083287243 0.31374233961105347 44
1779083288209 0.3146553635597229 45
1779083289286 0.3135046362876892 46
1779083290237 0.3138215243816376 47
1779083291093 0.3126227855682373 48
1779083291905 0.31193792819976807 49
1779083251668 0.4546065032482147 0
