1779083941226 0.777672290802002 0
1779083941923 0.8328811526298523 1
1779083942596 0.8461747169494629 2
1779083943260 0.8514649868011475 3
1779083943913 0.8540423512458801 4
1779083944590 0.8559414148330688 5
1779083945254 0.8590613007545471 6
1779083945866 0.8628594875335693 7
1779083946524 0.8589256405830383 8
1779083947191 0.8608247637748718 9
1779083947947 0.8632664084434509 10
1779083948657 0.8636733293533325 11
1779083949347 0.8653011322021484 12
1779083949953 0.8658437132835388 13
1779083950566 0.866521954536438 14
1779083951211 0.8670645952224731 15
1779083951887 0.865572452545166 16
1779083952535 0.8672001957893372 17
1779083953212 0.8644872307777405 18
1779083953888 0.8670645952224731 19
1779083954511 0.8677428364753723 20
1779083955146 0.8669289350509644 21
1779083955782 0.8662506937980652 22
1779083956415 0.8672001957893372 23
1779083957035 0.8692349195480347 24
1779083957654 0.8684210777282715 25
1779083958292 0.8674715161323547 26
1779083958924 0.8677428364753723 27
1779083959611 0.8685566782951355 28
1779083960231 0.8690993189811707 29
1779083960841 0.8686923384666443 30
1779083961612 0.870591402053833 31
1779083962308 0.8693705797195435 32
1779083963006 0.8688279986381531 33
1779083963680 0.8690993189811707 34
1779083964390 0.871405303478241 35
1779083965080 0.8692349195480347 36
1779083965815 0.8677428364753723 37
1779083966460 0.8695062398910522 38
1779083967081 0.870455801486969 39
1779083967703 0.870591402053833 40
1779083968330 0.8707270622253418 41
1779083969060 0.871405303478241 42
1779083969710 0.8700488209724426 43
1779083970338 0.8733043670654297 44
1779083970953 0.8716766238212585 45
1779083971600 0.8711340427398682 46
1779083972348 0.8728974461555481 47
1779083972963 0.8727617859840393 48
1779083973590 0.8723548650741577 49
1779083941226 0.777672290802002 0
