1779083941226 0.4742332994937897 0
1779083941923 0.40059664845466614 1
1779083942596 0.37651509046554565 2
1779083943260 0.36124417185783386 3
1779083943913 0.35229650139808655 4
1779083944590 0.3475533127784729 5
1779083945254 0.3426646888256073 6
1779083945866 0.34006109833717346 7
1779083946524 0.3388790786266327 8
1779083947191 0.33640703558921814 9
1779083947947 0.33395230770111084 10
1779083948657 0.3321978747844696 11
1779083949347 0.33050400018692017 12
1779083949953 0.33019667863845825 13
1779083950566 0.328330397605896 14
1779083951211 0.32687342166900635 15
1779083951887 0.3264118731021881 16
1779083952535 0.3254414200782776 17
1779083953212 0.325752317905426 18
1779083953888 0.3248797357082367 19
1779083954511 0.3250119686126709 20
1779083955146 0.32449886202812195 21
1779083955782 0.32379400730133057 22
1779083956415 0.32320329546928406 23
1779083957035 0.3238268792629242 24
1779083957654 0.3233799636363983 25
1779083958292 0.3204885721206665 26
1779083958924 0.32167553901672363 27
1779083959611 0.32072487473487854 28
1779083960231 0.3205673396587372 29
1779083960841 0.32015085220336914 30
1779083961612 0.31893447041511536 31
1779083962308 0.3192422091960907 32
1779083963006 0.3182160556316376 33
1779083963680 0.3185573220252991 34
1779083964390 0.3181935250759125 35
1779083965080 0.31824126839637756 36
1779083965815 0.31726640462875366 37
1779083966460 0.3170223534107208 38
1779083967081 0.31748107075691223 39
1779083967703 0.3168792724609375 40
1779083968330 0.31604209542274475 41
1779083969060 0.31638669967651367 42
1779083969710 0.3160926401615143 43
1779083970338 0.3151102662086487 44
1779083970953 0.31437715888023376 45
1779083971600 0.3149743378162384 46
1779083972348 0.31482622027397156 47
1779083972963 0.3132898509502411 48
1779083973590 0.31504467129707336 49
1779083941226 0.4742332994937897 0
