1778988654499 0.7948996424674988 0
1778988656092 0.8164677023887634 1
1778988657664 0.8320673108100891 2
1778988659115 0.8442756533622742 3
1778988660269 0.8530927896499634 4
1778988661186 0.8551275134086609 5
1778988662544 0.8564839959144592 6
1778988663931 0.858383059501648 7
1778988665571 0.8590613007545471 8
1778988667105 0.8629950881004333 9
1778988668596 0.8628594875335693 10
1778988670117 0.8610960245132446 11
1778988671859 0.8639446496963501 12
1778988673215 0.8647585511207581 13
1778988674898 0.8634020686149597 14
1778988676084 0.8648942112922668 15
1778988677536 0.8640803098678589 16
1778988679174 0.8627238273620605 17
1778988682033 0.8678784370422363 18
1778988683954 0.8661150336265564 19
1778988685812 0.8643516302108765 20
1778988687832 0.865572452545166 21
1778988689434 0.8661150336265564 22
1778988691121 0.8644872307777405 23
1778988692346 0.8672001957893372 24
1778988694021 0.8644872307777405 25
1778988695597 0.8684210777282715 26
1778988696936 0.8684210777282715 27
1778988698631 0.866386353969574 28
1778988700260 0.8669289350509644 29
1778988701969 0.8681497573852539 30
1778988703704 0.8672001957893372 31
1778988705323 0.8690993189811707 32
1778988706903 0.8693705797195435 33
1778988707941 0.8670645952224731 34
1778988709689 0.869641900062561 35
1778988711129 0.8692349195480347 36
1778988712469 0.8699131608009338 37
1778988714139 0.871405303478241 38
1778988715968 0.8709983825683594 39
1778988717752 0.8699131608009338 40
1778988719462 0.869641900062561 41
1778988721096 0.8689636588096619 42
1778988722541 0.869641900062561 43
1778988723821 0.8703201413154602 44
1778988725479 0.8685566782951355 45
1778988727224 0.8711340427398682 46
1778988728539 0.8726261258125305 47
1778988730267 0.8722192049026489 48
1778988733004 0.8724905252456665 49
1778988654499 0.7948996424674988 0
