1778988654499 0.4855639636516571 0
1778988656092 0.4169555604457855 1
1778988657664 0.39276012778282166 2
1778988659115 0.37183213233947754 3
1778988660269 0.35908642411231995 4
1778988661186 0.35012272000312805 5
1778988662544 0.3470219075679779 6
1778988663931 0.342607319355011 7
1778988665571 0.3412853479385376 8
1778988667105 0.33889928460121155 9
1778988668596 0.3376452326774597 10
1778988670117 0.33571818470954895 11
1778988671859 0.33492180705070496 12
1778988673215 0.33292660117149353 13
1778988674898 0.3334689140319824 14
1778988676084 0.3307892084121704 15
1778988677536 0.3301156461238861 16
1778988679174 0.32984599471092224 17
1778988682033 0.3283199369907379 18
1778988683954 0.3277212977409363 19
1778988685812 0.32722458243370056 20
1778988687832 0.3266274333000183 21
1778988689434 0.3253261148929596 22
1778988691121 0.324968159198761 23
1778988692346 0.32445335388183594 24
1778988694021 0.32331138849258423 25
1778988695597 0.3230609595775604 26
1778988696936 0.32292014360427856 27
1778988698631 0.32211539149284363 28
1778988700260 0.3223212659358978 29
1778988701969 0.3207806646823883 30
1778988703704 0.3197001516819 31
1778988705323 0.3199404180049896 32
1778988706903 0.3190050721168518 33
1778988707941 0.3186771869659424 34
1778988709689 0.3189622759819031 35
1778988711129 0.31796762347221375 36
1778988712469 0.3175061345100403 37
1778988714139 0.3169209659099579 38
1778988715968 0.3163295090198517 39
1778988717752 0.3166995942592621 40
1778988719462 0.31604668498039246 41
1778988721096 0.31542396545410156 42
1778988722541 0.31541210412979126 43
1778988723821 0.31473517417907715 44
1778988725479 0.313851535320282 45
1778988727224 0.31290170550346375 46
1778988728539 0.31435489654541016 47
1778988730267 0.31344684958457947 48
1778988733004 0.3128923773765564 49
1778988654499 0.4855639636516571 0
