1778912750130 0.6911286115646362 0
1778912750895 0.798833429813385 1
1778912751712 0.8080574870109558 2
1778912752547 0.8161964416503906 3
1778912753395 0.8237927556037903 4
1778912754102 0.8279978036880493 5
1778912754796 0.8317959904670715 6
1778912755490 0.8362723588943481 7
1778912756229 0.8385784029960632 8
1778912757003 0.8468529582023621 9
1778912757679 0.8471242785453796 10
1778912758350 0.844546914100647 11
1778912759195 0.848616361618042 12
1778912760007 0.8532284498214722 13
1778912760799 0.8536353707313538 14
1778912761618 0.8530927896499634 15
1778912762532 0.852685809135437 16
1778912763355 0.8563483357429504 17
1778912764150 0.852685809135437 18
1778912765078 0.8594682812690735 19
1778912765809 0.8553988337516785 20
1778912766581 0.8591969609260559 21
1778912767357 0.8572978973388672 22
1778912768209 0.8552631735801697 23
1778912769254 0.856619656085968 24
1778912770308 0.8597395420074463 25
1778912771091 0.8582473993301392 26
1778912750130 0.6911286115646362 0
1778912783466 0.844546914100647 27
