1778912750130 0.5930980443954468 0
1778912750895 0.45421314239501953 1
1778912751712 0.4367979168891907 2
1778912752547 0.42815515398979187 3
1778912753395 0.41867688298225403 4
1778912754102 0.411010205745697 5
1778912754796 0.39609384536743164 6
1778912755490 0.39366835355758667 7
1778912756229 0.38257378339767456 8
1778912757003 0.37619659304618835 9
1778912757679 0.37413862347602844 10
1778912758350 0.3701573610305786 11
1778912759195 0.3645281493663788 12
1778912760007 0.36744022369384766 13
1778912760799 0.3583694398403168 14
1778912761618 0.3618653416633606 15
1778912762532 0.3582073748111725 16
1778912763355 0.3557288348674774 17
1778912764150 0.3562828600406647 18
1778912765078 0.35586193203926086 19
1778912765809 0.3558906018733978 20
1778912766581 0.35130545496940613 21
1778912767357 0.3565041720867157 22
1778912768209 0.3559761345386505 23
1778912769254 0.35249021649360657 24
1778912770308 0.3522963523864746 25
1778912771091 0.351384699344635 26
1778912750130 0.5930980443954468 0
1778912783466 0.3701573610305786 27
