1779087068992 0.7654638886451721 0
1779087070621 0.8067010045051575 1
1779087072250 0.8155182003974915 2
1779087073486 0.8258274793624878 3
1779087074484 0.8364080190658569 4
1779087075905 0.8319316506385803 5
1779087077186 0.8388497233390808 6
1779087078691 0.843597412109375 7
1779087080303 0.8410200476646423 8
1779087081864 0.8430548310279846 9
1779087083285 0.8490233421325684 10
1779087084780 0.8499728441238403 11
1779087086246 0.8454964756965637 12
1779087087722 0.8511937260627747 13
1779087088994 0.8539066910743713 14
1779087090266 0.84943026304245 15
1779087091463 0.8522788882255554 16
1779087092818 0.8483451008796692 17
1779087093963 0.856619656085968 18
1779087095443 0.8528214693069458 19
1779087096931 0.8524145483970642 20
1779087098500 0.8521432280540466 21
1779087100190 0.8547205924987793 22
1779087101764 0.8543136119842529 23
1779087103360 0.8577048182487488 24
1779087104902 0.8553988337516785 25
1779087106145 0.8582473993301392 26
1779087107330 0.8552631735801697 27
1779087108625 0.8555344343185425 28
1779087110163 0.8559414148330688 29
1779087111787 0.8544492721557617 30
1779087113207 0.8601465225219727 31
1779087114927 0.8578404784202576 32
1779087116495 0.8585187196731567 33
1779087117977 0.8549918532371521 34
1779087119554 0.8601465225219727 35
1779087121025 0.8570265769958496 36
1779087121957 0.8549918532371521 37
1779087123087 0.8585187196731567 38
1779087124501 0.8600108623504639 39
1779087125555 0.8598752021789551 40
1779087127178 0.8589256405830383 41
1779087128762 0.8590613007545471 42
1779087130218 0.8619099259376526 43
1779087131852 0.8609603643417358 44
1779087133510 0.8621812462806702 45
1779087134351 0.8582473993301392 46
1779087135415 0.8597395420074463 47
1779087136696 0.8609603643417358 48
1779087137736 0.8568909168243408 49
1779087068992 0.7654638886451721 0
