1779087068992 0.5133780241012573 0
1779087070621 0.4444882571697235 1
1779087072250 0.4290982484817505 2
1779087073486 0.4156736433506012 3
1779087074484 0.3946149945259094 4
1779087075905 0.3986321985721588 5
1779087077186 0.3864898979663849 6
1779087078691 0.3767009675502777 7
1779087080303 0.37592944502830505 8
1779087081864 0.3760797679424286 9
1779087083285 0.37227779626846313 10
1779087084780 0.3659224808216095 11
1779087086246 0.36479702591896057 12
1779087087722 0.3639574944972992 13
1779087088994 0.3642787039279938 14
1779087090266 0.36674192547798157 15
1779087091463 0.3616678714752197 16
1779087092818 0.3657640516757965 17
1779087093963 0.3606070578098297 18
1779087095443 0.3582918345928192 19
1779087096931 0.36139732599258423 20
1779087098500 0.3561847507953644 21
1779087100190 0.3537786304950714 22
1779087101764 0.3596590757369995 23
1779087103360 0.3526192307472229 24
1779087104902 0.3533909320831299 25
1779087106145 0.35458219051361084 26
1779087107330 0.35441380739212036 27
1779087108625 0.3510074317455292 28
1779087110163 0.3521059453487396 29
1779087111787 0.34812864661216736 30
1779087113207 0.3484536409378052 31
1779087114927 0.35415735840797424 32
1779087116495 0.3434309959411621 33
1779087117977 0.35525405406951904 34
1779087119554 0.347374826669693 35
1779087121025 0.34997209906578064 36
1779087121957 0.34961777925491333 37
1779087123087 0.34912407398223877 38
1779087124501 0.3492273688316345 39
1779087125555 0.3471432626247406 40
1779087127178 0.3448885679244995 41
1779087128762 0.3481898307800293 42
1779087130218 0.3476752042770386 43
1779087131852 0.34697404503822327 44
1779087133510 0.3439357280731201 45
1779087134351 0.34460747241973877 46
1779087135415 0.3442912697792053 47
1779087136696 0.343511164188385 48
1779087137736 0.35095828771591187 49
1779087068992 0.5133780241012573 0
