1779085401803 0.7854042053222656 0
1779085402574 0.8057515025138855 1
1779085403322 0.812669575214386 2
1779085404099 0.8221649527549744 3
1779085405055 0.8262344002723694 4
1779085405926 0.8319316506385803 5
1779085406744 0.8347802758216858 6
1779085407549 0.8412913680076599 7
1779085408281 0.8418339490890503 8
1779085408921 0.8437330722808838 9
1779085409625 0.8482094407081604 10
1779085410280 0.8464460372924805 11
1779085411034 0.8522788882255554 12
1779085411683 0.8495659232139587 13
1779085412353 0.8521432280540466 14
1779085413114 0.852685809135437 15
1779085413824 0.8492946028709412 16
1779085414552 0.8520075678825378 17
1779085415250 0.8518719673156738 18
1779085415946 0.8558057546615601 19
1779085416591 0.8547205924987793 20
1779085417346 0.8528214693069458 21
1779085418078 0.857433557510376 22
1779085418813 0.8563483357429504 23
1779085419512 0.8541779518127441 24
1779085420267 0.8568909168243408 25
1779085421010 0.8590613007545471 26
1779085421669 0.8529571294784546 27
1779085422349 0.8589256405830383 28
1779085423075 0.8555344343185425 29
1779085423828 0.8510580658912659 30
1779085424501 0.8556700944900513 31
1779085425231 0.8570265769958496 32
1779085425885 0.8559414148330688 33
1779085426573 0.8582473993301392 34
1779085427219 0.8608247637748718 35
1779085427911 0.8602821230888367 36
1779085428696 0.8581117987632751 37
1779085429394 0.8593326210975647 38
1779085430137 0.8586543798446655 39
1779085401803 0.7854042053222656 0
1779085441269 0.8541779518127441 40
