1779085401803 0.507799506187439 0
1779085402574 0.4492000341415405 1
1779085403322 0.43381908535957336 2
1779085404099 0.420215368270874 3
1779085405055 0.4055905342102051 4
1779085405926 0.4031994044780731 5
1779085406744 0.38741645216941833 6
1779085407549 0.386568158864975 7
1779085408281 0.3782653212547302 8
1779085408921 0.3784599304199219 9
1779085409625 0.37032875418663025 10
1779085410280 0.3671167194843292 11
1779085411034 0.36452367901802063 12
1779085411683 0.3633435070514679 13
1779085412353 0.3616558313369751 14
1779085413114 0.35792070627212524 15
1779085413824 0.3606734275817871 16
1779085414552 0.3588086664676666 17
1779085415250 0.3561860918998718 18
1779085415946 0.35987502336502075 19
1779085416591 0.35727983713150024 20
1779085417346 0.35668474435806274 21
1779085418078 0.35407495498657227 22
1779085418813 0.35621148347854614 23
1779085419512 0.3581607937812805 24
1779085420267 0.34788092970848083 25
1779085421010 0.35344991087913513 26
1779085421669 0.3547459840774536 27
1779085422349 0.3530740737915039 28
1779085423075 0.3502761721611023 29
1779085423828 0.3552115261554718 30
1779085424501 0.35362526774406433 31
1779085425231 0.3481981158256531 32
1779085425885 0.3492753505706787 33
1779085426573 0.347823828458786 34
1779085427219 0.34989678859710693 35
1779085427911 0.34974175691604614 36
1779085428696 0.3466492295265198 37
1779085429394 0.3457901179790497 38
1779085430137 0.34700292348861694 39
1779085401803 0.507799506187439 0
1779085441269 0.3581607937812805 40
