1779085532475 0.7744166851043701 0
1779085533381 0.798019528388977 1
1779085534237 0.804530680179596 2
1779085535063 0.8061584234237671 3
1779085535883 0.8043950200080872 4
1779085536861 0.8098209500312805 5
1779085537680 0.8168746829032898 6
1779085538471 0.8151112198829651 7
1779085539291 0.826641321182251 8
1779085540087 0.8258274793624878 9
1779085541045 0.8243353366851807 10
1779085541956 0.829761266708374 11
1779085542815 0.8292186856269836 12
1779085543706 0.8320673108100891 13
1779085544634 0.8350515365600586 14
1779085545425 0.834644615650177 15
1779085546194 0.835458517074585 16
1779085547019 0.833830714225769 17
1779085547828 0.83952796459198 18
1779085548679 0.844546914100647 19
1779085549494 0.8381714820861816 20
1779085550243 0.8456321358680725 21
1779085551085 0.844411313533783 22
1779085551948 0.8434617519378662 23
1779085552719 0.8473955392837524 24
1779085553486 0.84766685962677 25
1779085554278 0.8457677960395813 26
1779085555066 0.8448182344436646 27
1779085555816 0.8483451008796692 28
1779085556758 0.8459033966064453 29
1779085557637 0.8487520217895508 30
1779085558486 0.8480737805366516 31
1779085559341 0.8507867455482483 32
1779085560194 0.8473955392837524 33
1779085561148 0.853499710559845 34
1779085561943 0.8518719673156738 35
1779085562738 0.8552631735801697 36
1779085563519 0.852685809135437 37
1779085564277 0.8559414148330688 38
1779085565112 0.8498372435569763 39
1779085566197 0.8543136119842529 40
1779085566968 0.8521432280540466 41
1779085567773 0.8552631735801697 42
1779085568551 0.8503798246383667 43
1779085569304 0.8551275134086609 44
1779085570087 0.8543136119842529 45
1779085532475 0.7744166851043701 0
1779085581488 0.8518719673156738 46
