1779085532475 0.5338011980056763 0
1779085533381 0.46386656165122986 1
1779085534237 0.4480621814727783 2
1779085535063 0.4402233064174652 3
1779085535883 0.4391371011734009 4
1779085536861 0.42960333824157715 5
1779085537680 0.4233933091163635 6
1779085538471 0.4168464243412018 7
1779085539291 0.4126928150653839 8
1779085540087 0.4086090624332428 9
1779085541045 0.40537023544311523 10
1779085541956 0.39927685260772705 11
1779085542815 0.39471402764320374 12
1779085543706 0.3960252106189728 13
1779085544634 0.39152124524116516 14
1779085545425 0.3908815383911133 15
1779085546194 0.38677433133125305 16
1779085547019 0.38379502296447754 17
1779085547828 0.3842010498046875 18
1779085548679 0.37687957286834717 19
1779085549494 0.37796178460121155 20
1779085550243 0.37349969148635864 21
1779085551085 0.3735870122909546 22
1779085551948 0.36846011877059937 23
1779085552719 0.36863216757774353 24
1779085553486 0.3680258095264435 25
1779085554278 0.36941173672676086 26
1779085555066 0.36778318881988525 27
1779085555816 0.3666922450065613 28
1779085556758 0.36556383967399597 29
1779085557637 0.358931303024292 30
1779085558486 0.36372873187065125 31
1779085559341 0.36018306016921997 32
1779085560194 0.3617207407951355 33
1779085561148 0.35904595255851746 34
1779085561943 0.3621821403503418 35
1779085562738 0.35992908477783203 36
1779085563519 0.35820272564888 37
1779085564277 0.3549327850341797 38
1779085565112 0.3589687943458557 39
1779085566197 0.35437318682670593 40
1779085566968 0.35394081473350525 41
1779085567773 0.35639190673828125 42
1779085568551 0.35644975304603577 43
1779085569304 0.3508051335811615 44
1779085570087 0.3555651903152466 45
1779085532475 0.5338011980056763 0
1779085581488 0.3621821403503418 46
