1778912539856 0.7835051417350769 0
1778912540558 0.8018177151679993 1
1778912541358 0.8156538009643555 2
1778912542158 0.8171459436416626 3
1778912542953 0.8270483016967773 4
1778912543974 0.8288117051124573 5
1778912544858 0.833830714225769 6
1778912545607 0.8393923044204712 7
1778912546279 0.8388497233390808 8
1778912546992 0.8393923044204712 9
1778912547929 0.8415626883506775 10
1778912548676 0.8450895547866821 11
1778912549913 0.8499728441238403 12
1778912550566 0.8463103771209717 13
1778912551250 0.8479381203651428 14
1778912551950 0.8463103771209717 15
1778912552645 0.848480761051178 16
1778912553351 0.8514649868011475 17
1778912554103 0.84943026304245 18
1778912554869 0.8507867455482483 19
1778912555581 0.8544492721557617 20
1778912556214 0.8537710309028625 21
1778912556952 0.8521432280540466 22
1778912557683 0.8540423512458801 23
1778912558665 0.8544492721557617 24
1778912559567 0.857433557510376 25
1778912560404 0.8551275134086609 26
1778912561183 0.852550208568573 27
1778912562047 0.8552631735801697 28
1778912562759 0.8558057546615601 29
1778912563512 0.8579761385917664 30
1778912564228 0.8596038818359375 31
1778912564917 0.8558057546615601 32
1778912565757 0.8549918532371521 33
1778912566520 0.8578404784202576 34
1778912567327 0.8570265769958496 35
1778912568091 0.8582473993301392 36
1778912568828 0.8553988337516785 37
1778912569541 0.8577048182487488 38
1778912570275 0.8585187196731567 39
1778912570989 0.8596038818359375 40
1778912571815 0.8579761385917664 41
1778912572511 0.8568909168243408 42
1778912573271 0.8585187196731567 43
1778912573957 0.8585187196731567 44
1778912539856 0.7835051417350769 0
1778912589069 0.8558057546615601 45
