1778912539856 0.5060110688209534 0
1778912540558 0.4512367844581604 1
1778912541358 0.4324725866317749 2
1778912542158 0.42167606949806213 3
1778912542953 0.4045022428035736 4
1778912543974 0.4002159535884857 5
1778912544858 0.3922213315963745 6
1778912545607 0.38606148958206177 7
1778912546279 0.3803148567676544 8
1778912546992 0.37874752283096313 9
1778912547929 0.375651478767395 10
1778912548676 0.37298446893692017 11
1778912549913 0.37013864517211914 12
1778912550566 0.36371779441833496 13
1778912551250 0.36884963512420654 14
1778912551950 0.36336618661880493 15
1778912552645 0.36540427803993225 16
1778912553351 0.36371636390686035 17
1778912554103 0.3620278835296631 18
1778912554869 0.3626091778278351 19
1778912555581 0.3599870204925537 20
1778912556214 0.35734790563583374 21
1778912556952 0.358375608921051 22
1778912557683 0.354760080575943 23
1778912558665 0.3575970530509949 24
1778912559567 0.3532172739505768 25
1778912560404 0.35438641905784607 26
1778912561183 0.3596877455711365 27
1778912562047 0.35528576374053955 28
1778912562759 0.3559814691543579 29
1778912563512 0.35409876704216003 30
1778912564228 0.35015150904655457 31
1778912564917 0.3516489267349243 32
1778912565757 0.3522604703903198 33
1778912566520 0.3485485315322876 34
1778912567327 0.3511626422405243 35
1778912568091 0.3502218723297119 36
1778912568828 0.3523075580596924 37
1778912569541 0.34649890661239624 38
1778912570275 0.34715360403060913 39
1778912570989 0.3456997573375702 40
1778912571815 0.34592142701148987 41
1778912572511 0.3493552803993225 42
1778912573271 0.34760501980781555 43
1778912573957 0.3474353551864624 44
1778912539856 0.5060110688209534 0
1778912589069 0.3559814691543579 45
