1778906200334 0.8056158423423767 0
1778906202866 0.8278622031211853 1
1778906205347 0.8399348855018616 2
1778906207044 0.8499728441238403 3
1778906209337 0.8558057546615601 4
1778906211877 0.8567553162574768 5
1778906214063 0.8591969609260559 6
1778906215867 0.8601465225219727 7
1778906217700 0.860689103603363 8
1778906219749 0.8602821230888367 9
1778906222042 0.8605534434318542 10
1778906224321 0.8621812462806702 11
1778906226636 0.861638605594635 12
1778906228072 0.8634020686149597 13
1778906229644 0.8636733293533325 14
1778906231083 0.8623168468475342 15
1778906232724 0.8634020686149597 16
1778906234397 0.8657081127166748 17
1778906236724 0.8657081127166748 18
1778906238433 0.8659793734550476 19
1778906240209 0.8653011322021484 20
1778906242053 0.8669289350509644 21
1778906243931 0.8674715161323547 22
1778906245872 0.8657081127166748 23
1778906247867 0.8657081127166748 24
1778906249882 0.869641900062561 25
1778906252011 0.8674715161323547 26
1778906253673 0.8688279986381531 27
1778906255951 0.8677428364753723 28
1778906258756 0.8670645952224731 29
1778906260711 0.8667932748794556 30
1778906262765 0.8680140972137451 31
1778906264752 0.8682854175567627 32
1778906266564 0.8695062398910522 33
1778906268665 0.8674715161323547 34
1778906270262 0.8688279986381531 35
1778906272266 0.869641900062561 36
1778906274914 0.8709983825683594 37
1778906276751 0.8690993189811707 38
1778906278653 0.8692349195480347 39
1778906280529 0.8703201413154602 40
1778906282522 0.8686923384666443 41
1778906284462 0.8709983825683594 42
1778906286139 0.8716766238212585 43
1778906288119 0.8707270622253418 44
1778906290913 0.8700488209724426 45
1778906293332 0.870455801486969 46
1778906295683 0.8697775602340698 47
1778906297681 0.8708627223968506 48
1778906299485 0.8711340427398682 49
1778906200334 0.8056158423423767 0
