1778906200334 0.4568866789340973 0
1778906202866 0.40205082297325134 1
1778906205347 0.3791756331920624 2
1778906207044 0.3624303638935089 3
1778906209337 0.35313689708709717 4
1778906211877 0.3451739251613617 5
1778906214063 0.34276872873306274 6
1778906215867 0.3388665020465851 7
1778906217700 0.33789026737213135 8
1778906219749 0.3350142538547516 9
1778906222042 0.33436158299446106 10
1778906224321 0.3335743844509125 11
1778906226636 0.33206605911254883 12
1778906228072 0.32979628443717957 13
1778906229644 0.3304634988307953 14
1778906231083 0.32900458574295044 15
1778906232724 0.3280143141746521 16
1778906234397 0.32761749625205994 17
1778906236724 0.32684990763664246 18
1778906238433 0.3269093930721283 19
1778906240209 0.3274408280849457 20
1778906242053 0.32566970586776733 21
1778906243931 0.3241526484489441 22
1778906245872 0.3247520625591278 23
1778906247867 0.3236035406589508 24
1778906249882 0.32426249980926514 25
1778906252011 0.3229910135269165 26
1778906253673 0.32341599464416504 27
1778906255951 0.32166483998298645 28
1778906258756 0.32252368330955505 29
1778906260711 0.3211551904678345 30
1778906262765 0.32134729623794556 31
1778906264752 0.320722371339798 32
1778906266564 0.32063862681388855 33
1778906268665 0.3199334442615509 34
1778906270262 0.31944435834884644 35
1778906272266 0.31897926330566406 36
1778906274914 0.31963562965393066 37
1778906276751 0.31841543316841125 38
1778906278653 0.31822457909584045 39
1778906280529 0.3184950649738312 40
1778906282522 0.3173152208328247 41
1778906284462 0.3173699975013733 42
1778906286139 0.3167433440685272 43
1778906288119 0.3161567449569702 44
1778906290913 0.31687140464782715 45
1778906293332 0.3161066770553589 46
1778906295683 0.3161769211292267 47
1778906297681 0.31558722257614136 48
1778906299485 0.3144347071647644 49
1778906200334 0.4568866789340973 0
