1779085852115 0.7991047501564026 0
1779085853035 0.8228431940078735 1
1779085853923 0.8379001617431641 2
1779085854768 0.8440043330192566 3
1779085855574 0.8453608155250549 4
1779085856574 0.8502441644668579 5
1779085857400 0.8522788882255554 6
1779085858266 0.8505154848098755 7
1779085859123 0.8522788882255554 8
1779085859953 0.8562126755714417 9
1779085860835 0.8577048182487488 10
1779085861771 0.8586543798446655 11
1779085862578 0.8610960245132446 12
1779085863589 0.8601465225219727 13
1779085864522 0.8602821230888367 14
1779085865621 0.860689103603363 15
1779085867052 0.866386353969574 16
1779085868682 0.8631307482719421 17
1779085869695 0.8628594875335693 18
1779085870712 0.8646228909492493 19
1779085871529 0.8631307482719421 20
1779085872447 0.8617742657661438 21
1779085873285 0.8644872307777405 22
1779085874110 0.866386353969574 23
1779085874985 0.8629950881004333 24
1779085875809 0.8672001957893372 25
1779085876688 0.8692349195480347 26
1779085852115 0.7991047501564026 0
1779085888847 0.866386353969574 27
