1779085852115 0.4670891761779785 0
1779085853035 0.41285306215286255 1
1779085853923 0.3877924978733063 2
1779085854768 0.3791019022464752 3
1779085855574 0.3771169185638428 4
1779085856574 0.3663303852081299 5
1779085857400 0.36557623744010925 6
1779085858266 0.36120128631591797 7
1779085859123 0.35830792784690857 8
1779085859953 0.354326069355011 9
1779085860835 0.35478904843330383 10
1779085861771 0.3520003855228424 11
1779085862578 0.34698373079299927 12
1779085863589 0.3484361171722412 13
1779085864522 0.34374040365219116 14
1779085865621 0.342046320438385 15
1779085867052 0.3419470191001892 16
1779085868682 0.34049272537231445 17
1779085869695 0.33982399106025696 18
1779085870712 0.3439100980758667 19
1779085871529 0.3391319811344147 20
1779085872447 0.3400862216949463 21
1779085873285 0.3408154547214508 22
1779085874110 0.3348800539970398 23
1779085874985 0.3381895124912262 24
1779085875809 0.3314323127269745 25
1779085876688 0.3340871036052704 26
1779085852115 0.4670891761779785 0
1779085888847 0.3419470191001892 27
