1778988778376 0.7523060441017151 0
1778988780499 0.8000542521476746 1
1778988782682 0.8081931471824646 2
1778988785161 0.8157894611358643 3
1778988786839 0.8247422575950623 4
1778988788110 0.830710768699646 5
1778988789722 0.8376288414001465 6
1778988790929 0.8383070826530457 7
1778988793019 0.8416982889175415 8
1778988794951 0.8473955392837524 9
1778988796668 0.844546914100647 10
1778988798269 0.8471242785453796 11
1778988800030 0.8507867455482483 12
1778988801724 0.8506510853767395 13
1778988802927 0.8510580658912659 14
1778988804199 0.8498372435569763 15
1778988805944 0.8492946028709412 16
1778988807482 0.8522788882255554 17
1778988809065 0.8556700944900513 18
1778988810926 0.8532284498214722 19
1778988812710 0.8536353707313538 20
1778988814419 0.8567553162574768 21
1778988816144 0.8571622371673584 22
1778988818053 0.8528214693069458 23
1778988819600 0.8571622371673584 24
1778988778376 0.7523060441017151 0
1778988841325 0.8473955392837524 25
