1778988778376 0.5320207476615906 0
1778988780499 0.45574575662612915 1
1778988782682 0.4414878189563751 2
1778988785161 0.42068836092948914 3
1778988786839 0.4107373058795929 4
1778988788110 0.3979078233242035 5
1778988789722 0.3877006769180298 6
1778988790929 0.3865906298160553 7
1778988793019 0.37348654866218567 8
1778988794951 0.36918020248413086 9
1778988796668 0.3690812885761261 10
1778988798269 0.368437796831131 11
1778988800030 0.36111631989479065 12
1778988801724 0.3598761558532715 13
1778988802927 0.35950320959091187 14
1778988804199 0.36095914244651794 15
1778988805944 0.36379143595695496 16
1778988807482 0.35873571038246155 17
1778988809065 0.3577371835708618 18
1778988810926 0.3553319573402405 19
1778988812710 0.3574930429458618 20
1778988814419 0.35670167207717896 21
1778988816144 0.35567280650138855 22
1778988818053 0.35377177596092224 23
1778988819600 0.35454094409942627 24
1778988778376 0.5320207476615906 0
1778988841325 0.36918020248413086 25
