1779075636565 0.7856755256652832 0
1779075637833 0.8068366646766663 1
1779075638959 0.8224362730979919 2
1779075640591 0.8271839618682861 3
1779075641751 0.8312534093856812 4
1779075643272 0.8385784029960632 5
1779075644687 0.8407487869262695 6
1779075646167 0.8402062058448792 7
1779075647604 0.8411557078361511 8
1779075649091 0.8450895547866821 9
1779075650583 0.8492946028709412 10
1779075652019 0.8472598791122437 11
1779075653525 0.8459033966064453 12
1779075654918 0.8482094407081604 13
1779075656429 0.8499728441238403 14
1779075657973 0.853364109992981 15
1779075659358 0.8520075678825378 16
1779075660808 0.8498372435569763 17
1779075662459 0.8528214693069458 18
1779075663941 0.8553988337516785 19
1779075665443 0.8530927896499634 20
1779075667001 0.851736307144165 21
1779075668508 0.8521432280540466 22
1779075669866 0.8502441644668579 23
1779075671231 0.8543136119842529 24
1779075672665 0.8544492721557617 25
1779075674332 0.8540423512458801 26
1779075675812 0.8589256405830383 27
1779075677300 0.8570265769958496 28
1779075678730 0.8536353707313538 29
1779075680280 0.8579761385917664 30
1779075681755 0.8578404784202576 31
1779075683308 0.8577048182487488 32
1779075684911 0.8572978973388672 33
1779075686017 0.8536353707313538 34
1779075687296 0.858383059501648 35
1779075636565 0.7856755256652832 0
1779075705322 0.8530927896499634 36
