1779075636565 0.4987458288669586 0
1779075637833 0.440304160118103 1
1779075638959 0.4232638478279114 2
1779075640591 0.4084477722644806 3
1779075641751 0.39933687448501587 4
1779075643272 0.3887897729873657 5
1779075644687 0.3855564296245575 6
1779075646167 0.3776531219482422 7
1779075647604 0.37553560733795166 8
1779075649091 0.37123414874076843 9
1779075650583 0.3718917667865753 10
1779075652019 0.3634070158004761 11
1779075653525 0.3679990768432617 12
1779075654918 0.3667885959148407 13
1779075656429 0.36254173517227173 14
1779075657973 0.3601343333721161 15
1779075659358 0.3585454821586609 16
1779075660808 0.3619370460510254 17
1779075662459 0.3593091070652008 18
1779075663941 0.35670650005340576 19
1779075665443 0.356714129447937 20
1779075667001 0.35504665970802307 21
1779075668508 0.3558417558670044 22
1779075669866 0.3560653328895569 23
1779075671231 0.34991878271102905 24
1779075672665 0.35260874032974243 25
1779075674332 0.35146385431289673 26
1779075675812 0.3509368896484375 27
1779075677300 0.35265520215034485 28
1779075678730 0.35362693667411804 29
1779075680280 0.3489997088909149 30
1779075681755 0.34837841987609863 31
1779075683308 0.3484230935573578 32
1779075684911 0.3500114977359772 33
1779075686017 0.34894615411758423 34
1779075687296 0.34550806879997253 35
1779075636565 0.4987458288669586 0
1779075705322 0.356714129447937 36
