1778912191074 0.7904232144355774 0
1778912191905 0.8058871626853943 1
1778912192723 0.8129408359527588 2
1778912193438 0.8220292925834656 3
1778912194165 0.825691819190979 4
1778912195044 0.8361367583274841 5
1778912195887 0.8350515365600586 6
1778912196607 0.8370862603187561 7
1778912197388 0.8377645015716553 8
1778912198160 0.8442756533622742 9
1778912198923 0.8449538946151733 10
1778912199706 0.8480737805366516 11
1778912200458 0.8479381203651428 12
1778912201216 0.8464460372924805 13
1778912201921 0.8498372435569763 14
1778912202718 0.8522788882255554 15
1778912203448 0.8506510853767395 16
1778912204258 0.8521432280540466 17
1778912205117 0.8510580658912659 18
1778912205959 0.8491590023040771 19
1778912191074 0.7904232144355774 0
1778912237242 0.8442756533622742 20
