1778912191074 0.4977269172668457 0
1778912191905 0.4499555230140686 1
1778912192723 0.4317105710506439 2
1778912193438 0.4176841080188751 3
1778912194165 0.4095749855041504 4
1778912195044 0.39812952280044556 5
1778912195887 0.3907117545604706 6
1778912196607 0.3897453844547272 7
1778912197388 0.38380908966064453 8
1778912198160 0.376748263835907 9
1778912198923 0.3771161735057831 10
1778912199706 0.371319055557251 11
1778912200458 0.36544638872146606 12
1778912201216 0.36748796701431274 13
1778912201921 0.3620956540107727 14
1778912202718 0.3635939657688141 15
1778912203448 0.36444103717803955 16
1778912204258 0.3615674376487732 17
1778912205117 0.359902948141098 18
1778912205959 0.358346551656723 19
1778912191074 0.4977269172668457 0
1778912237242 0.376748263835907 20
