1779085445474 0.7989690899848938 0
1779085446393 0.8250135779380798 1
1779085447217 0.8379001617431641 2
1779085448214 0.8437330722808838 3
1779085448925 0.8472598791122437 4
1779085449670 0.8491590023040771 5
1779085450393 0.8491590023040771 6
1779085451113 0.8521432280540466 7
1779085451818 0.8556700944900513 8
1779085452503 0.856619656085968 9
1779085453192 0.858383059501648 10
1779085453913 0.8571622371673584 11
1779085454660 0.8567553162574768 12
1779085455415 0.8577048182487488 13
1779085456128 0.8572978973388672 14
1779085456815 0.8598752021789551 15
1779085457490 0.8613673448562622 16
1779085458160 0.8631307482719421 17
1779085458906 0.8602821230888367 18
1779085459617 0.8627238273620605 19
1779085460320 0.8629950881004333 20
1779085461112 0.8640803098678589 21
1779085461848 0.8632664084434509 22
1779085462612 0.8643516302108765 23
1779085463405 0.862452507019043 24
1779085464203 0.8638089895248413 25
1779085464861 0.8627238273620605 26
1779085465535 0.8648942112922668 27
1779085466214 0.8651654720306396 28
1779085466908 0.862452507019043 29
1779085467637 0.8646228909492493 30
1779085468328 0.8617742657661438 31
1779085469050 0.8661150336265564 32
1779085469812 0.8666576147079468 33
1779085470524 0.8667932748794556 34
1779085471208 0.8648942112922668 35
1779085471896 0.866521954536438 36
1779085472691 0.8672001957893372 37
1779085473449 0.8676071763038635 38
1779085445474 0.7989690899848938 0
1779085484724 0.8651654720306396 39
