1779085445474 0.4577045142650604 0
1779085446393 0.41181573271751404 1
1779085447217 0.39001452922821045 2
1779085448214 0.37806347012519836 3
1779085448925 0.36765703558921814 4
1779085449670 0.36207887530326843 5
1779085450393 0.36277949810028076 6
1779085451113 0.3634693920612335 7
1779085451818 0.3557616174221039 8
1779085452503 0.35147032141685486 9
1779085453192 0.3505899906158447 10
1779085453913 0.34799060225486755 11
1779085454660 0.34578391909599304 12
1779085455415 0.34594660997390747 13
1779085456128 0.34763848781585693 14
1779085456815 0.3437011241912842 15
1779085457490 0.3437427282333374 16
1779085458160 0.3425580561161041 17
1779085458906 0.3423706591129303 18
1779085459617 0.3430383503437042 19
1779085460320 0.3402888774871826 20
1779085461112 0.3410812020301819 21
1779085461848 0.3368052840232849 22
1779085462612 0.33649787306785583 23
1779085463405 0.33603614568710327 24
1779085464203 0.33947309851646423 25
1779085464861 0.3384384214878082 26
1779085465535 0.3361927568912506 27
1779085466214 0.3308551013469696 28
1779085466908 0.3367137908935547 29
1779085467637 0.33097368478775024 30
1779085468328 0.33494776487350464 31
1779085469050 0.33133119344711304 32
1779085469812 0.3291831612586975 33
1779085470524 0.33170604705810547 34
1779085471208 0.33091360330581665 35
1779085471896 0.3316630721092224 36
1779085472691 0.32861632108688354 37
1779085473449 0.33111435174942017 38
1779085445474 0.4577045142650604 0
1779085484724 0.3308551013469696 39
